0
0.85
0.85
1
0.941176
1
0.9
0.928571
1
0.935484
0.681818
0.814815
0.809524
0.882353
0.923077
0.827586
0.75
0.842105
1
0.869565
0.833333
0.666667
0.741935
0.777778
0.8
0.814815
0.777778
0.833333
0.782609
0.833333
0.545455
0.64
0.684211
0.869565
0.733333
0.736842
0.782609
0.730769
0.771429
0.818182
0.821429
0.777778
0.580645
0.615385
0.695652
0.738095
0.576923
0.684211
0.806452
0.75
0.666667
0.777778
0.628571
0.705882
0.68
0.652174
0.655172
0.608696
0.823529
0.666667
0.363636
0.647059
0.9
0.636364
0.4
0.5
0.5
0.521739
0.75
0.545455
0.777778
0.578947
0.6
0.777778
1
0.588235
0.538462
0.818182
0.666667
0.666667
0.8
0.6875
0.9
0.428571
0.45
0.583333
0.769231
0.666667
0.692308
0.545455
0.636364
0.625
0.8
0.727273
0.846154
0.818182
0.833333
0.9
0.888889
0.916667
0.7
0.857143
0.375
1
0.875
0.7
0.666667
0.727273
0.846154
0.625
0.625
0.75
0.538462
0.733333
0.647059
0.625
0.529412
0.5
0.545455
0.428571
0.611111
0.619048
0.555556
0.5
0.666667
0.833333
0.666667
0.7
0.65
0.612903
0.666667
0.722222
0.894737
0.857143
0.727273
0.933333
0.56
0.571429
0.689655
0.702703
0.703704
0.794118
0.823529
0.8
0.833333
0.666667
0.703704
0.8125
0.71875
0.625
0.75
0.5
0.4375
0.529412
0.689655
0.708333
0.733333
0.916667
0.75
0.764706
0.631579
1
0.888889
1
0.724138
0.681818
0.8125
0.8125
0.777778
0.833333
0.695652
0.7
0.740741
0.9
0.821429
0.6
0.615385
0.73913
0.909091
0.380952
0.666667
0.733333
0.25
0.5625
0.619048
0.666667
0.645161
0.8
0.75
0.666667
0.761905
0.692308
0.444444
0.571429
0.647059
0.636364
0.777778
0.615385
0.555556
0.714286
0.888889
0.875
0.6
0.75
1
0.9
0.6
0.555556
0.7
1
0.666667
0.7
0.142857
0
0.25
0.666667
1
0.571429
0.636364
0.538462
0
0.5
0.428571
0.5625
0.538462
0.642857
0.4
0.333333
0.333333
1
0.714286
0.555556
0.5
0.75
0.833333
0.727273
0.4
0.444444
0.5
0.727273
0.454545
0.5
0.333333
0
0
0.5
0.5
0.666667
0
0.166667
0.571429
0.555556
0.4
0.444444
0.2
0.416667
0.375
0.6
0.5
0.5
1
0.333333
0
0.571429
0.666667
0.6
0.333333
0.0714286
0.25
0.363636
0.5
0.363636
0.352941
0
0.4
0.285714
0.285714
0
0.6
0.285714
0.5
0.428571
0.166667
0.538462
0.428571
0.666667
0.444444
0.333333
0.7
0.571429
0.25
0.461538
0.272727
0.666667
0.6
0.272727
0.375
0.375
0.285714
0.363636
0.5
0.444444
0.5
0.5
0.222222
0.272727
0.625
0.25
0.444444
0.545455
0.4
0.4
0.444444
0.5
0.6
0.5
0.555556
0.615385
0.857143
0.708333
0.65625
0.703704
0.606061
0.631579
0.555556
0.545455
0.575758
0.736842
0.761905
0.76
0.823529
0.566667
0.727273
0.62963
0.6875
0.722222
0.666667
0.555556
0.65
0.684211
0.5
0.666667
0.619048
0.578947
0.538462
0.583333
0.7
0.625
0.789474
0.851852
0.777778
0.76
0.65
0.69697
0.69697
0.592593
0.730769
0.758621
0.52381
0.529412
0.526316
0.548387
0.625
0.416667
0.545455
0.529412
0.75
0.478261
0.541667
0.488372
0.368421
0.571429
0.5
0.62963
0.5
0.516129
0.615385
0.764706
0.85
0.823529
0.416667
0.681818
0.613636
0.454545
0.633333
0.545455
0.387097
0.536585
0.6
0.723404
0.722222
0.740741
0.771429
0.555556
0.545455
0.695652
0.7
0.535714
0.615385
0.535714
0.583333
0.333333
0.8
0.714286
0.821429
0.689655
0.774194
0.705882
0.636364
0.666667
0.772727
0.653846
0.541667
0.551724
0.772727
0.714286
0.6
0.611111
0.586207
0.606061
0.8
0.684211
0.647059
0.714286
0.578947
0.4375
0.666667
0.642857
0.526316
0.666667
1
0.583333
0.761905
0.75
0.666667
0.7
0.4
0.631579
0.740741
0.666667
0.727273
0.772727
0.823529
0.75
0.692308
0.6
0.571429
0.619048
0.833333
0.571429
0.5
0.6
0.578947
0.571429
0.736842
0.625
0.642857
0.6
0.521739
0.45
0.384615
0.357143
0.833333
0.75
0.666667
0.4
0.6
0.571429
0.875
0.666667
0.625
0.75
0.423077
0.166667
0.733333
0.642857
0.5
0.631579
0.6
0.666667
0.681818
0.678571
0.68
0.653846
0.6
0.448276
0.76
0.6
0.625
0.5
0.807692
0.782609
0.736842
0.875
0.677419
0.777778
0.636364
0.833333
0.583333
0.833333
0.666667
0.65
0.466667
0.615385
0.518519
0.407407
0.4375
0.59375
0.5
0.52381
0.633333
0.73913
0.608696
0.666667
0.434783
0.75
0.526316
0.652174
0.705882
0.789474
0.65
0.6875
0.483871
0.714286
0.5
0.333333
0.363636
0.375
0.666667
0.529412
0.594595
0.310345
0.470588
0.466667
0.222222
0.545455
0.617647
0.518519
0.464286
0.5
0.484848
0.414634
0.4375
0.603175
0.591837
0.528302
0.545455
0.521739
0.441176
0.741935
0.424242
0.413793
0.354839
0.434783
0.565217
0.651163
0.5625
0.695652
0.575758
0.564103
0.518519
0.458333
0.586207
0.6
0.604651
0.631579
0.363636
0.622222
0.45
0.627119
0.454545
0.64
0.826087
0.555556
0.5
0.536585
0.529412
0.6
0.540541
0.529412
0.516129
0.538462
0.590909
0.473684
0.731707
0.551724
0.571429
0.433333
0.456522
0.65625
0.444444
0.5
0.6
0.55102
0.641026
0.605263
0.4375
0.432432
0.419355
0.575
0.697674
0.526316
0.535714
0.588235
0.526316
0.592593
0.583333
0.46875
0.517241
0.25
0.454545
0.46875
0.5
0.428571
0.357143
0.636364
0.6
0.526316
0.4375
0.653846
0.7
0.535714
0.6
0.606061
0.565217
0.617647
0.703704
0.416667
0.375
0.478261
0.615385
0.428571
0.6
0.357143
0.307692
0.444444
0.307692
0.357143
0.375
0.571429
0.625
0.6
0.833333
0.941176
0.73913
0.5
0.52381
0.518519
0.55
0.52
0.444444
0.5
0.428571
0.636364
0.558824
0.428571
0.458333
0.407407
0.53125
0.518519
0.393939
0.54717
0.461538
0.5
0.482759
0.44186
0.525
0.395833
0.25
0.555556
0.387097
0.46875
0.434783
0.342105
0.485714
0.409091
0.465116
0.382353
0.486486
0.542857
0.465116
0.617647
0.62963
0.433333
0.52
0.677419
0.6
0.575758
0.566667
0.621622
0.485714
0.513514
0.636364
0.533333
0.407407
0.540541
0.55
0.527778
0.6
0.678571
0.52381
0.6
0.72
0.652174
0.619048
0.590909
0.333333
0.4375
0.764706
0.62963
0.692308
0.380952
0.444444
0.684211
0.5
0.46875
0.428571
0.7
0.714286
0.625
0.5
0.461538
0.166667
0.5
0.444444
0.333333
0.375
0.142857
0
0.75
0
0.166667
0.25
0.5
0.5
0.333333
0.666667
0.666667
0.666667
0.142857
0.4
0.5
0.0909091
0
0
0.111111
0
0.307692
0
0.6
0
0.2
0.25
0.333333
0.538462
0.638298
0
0.7
0.625
0.444444
0.5
0.384615
0.692308
0.555556
0.705882
0.727273
0.75
0.608696
0.6875
0.606557
0.531915
0.595745
0.6
0.641026
0.557377
0.2
0.483871
0.47619
0.583333
0.444444
0.485714
0.515152
0.689655
0.512195
0.636364
0.526316
0.53125
0.580645
0.5625
0.551724
0.277778
0.538462
0.545455
0.428571
0.375
0.6
0.517241
0.533333
0.551724
0.6
0.722222
0.666667
0.647059
0.681818
0.608696
0.689655
0.464286
0.428571
0.416667
0.5
0.636364
0.434783
0.583333
0.454545
0.6
0.75
0.571429
0.545455
0.545455
0.5
0.583333
0.526316
0.464286
0.461538
0.740741
0.538462
0.625
0.458333
0.5
0.2
0.266667
0.428571
0.55
0.4375
0.37037
0.142857
0.416667
0.416667
0.428571
0.47619
0.418605
0.833333
0.615385
0.65
0.611111
0.608696
0.428571
0.560976
0.75
0.522727
0.5
0.577778
0.511111
0.461538
0.46
0.607143
0.529412
0.561404
0.615385
0.533333
0.53125
0.609375
0.555556
0.388889
0.407407
0.484848
0.461538
0.483871
0.534884
0.521739
0.636364
0.421053
0.375
0.384615
0.5
0.333333
0.266667
0.44
0.291667
0.352941
0.413793
0.5
0.5
0.6875
0.708333
0.4
0.5
0.538462
0.485714
0.384615
0.5
0.416667
0.428571
0.511628
0.5
0.571429
0.529412
0.323529
0.409091
0.421053
0.351351
0.457143
0.352941
0.423077
0.37037
0.6
0.454545
0.466667
0.555556
0.6
0.466667
0.526316
0.375
0.4
0.375
0.7
0.722222
0.681818
0.730769
0.761905
0.913043
0.5
0.608696
0.592593
0.5
0.55
0.5
0.652174
0.714286
0.681818
0.789474
0.632653
0.508475
0.608696
0.55102
0.533333
0.5
0.481481
0.766667
0.596491
0.693878
0.704545
0.683333
0.76
0.714286
0.807692
0.622222
0.75
0.76
0.744186
0.625
0.691176
0.746032
0.745098
0.75
0.8
0.710526
0.725
0.777778
0.794118
0.628571
0.391304
0.452381
0.740741
0.68
0.521739
0.72
0.772727
0.62963
0.607143
0.8
0.55814
0.722222
0.695652
0.4375
0.490196
0.608696
0.625
0.727273
0.846154
0.777778
0.727273
0.590909
0.714286
0.285714
0.7
0.627907
0.807692
0.666667
0.75
0.842105
0.8
0.625
0.75
0.736842
0.6
0.666667
0.666667
0.73913
0.733333
0.705882
0.631579
0.571429
0.52381
0.666667
0.75
0.6
0.4
0.375
0.363636
0.5
0.6
0.461538
0.5625
0.6
0.266667
0.5
0.461538
0.375
0.470588
0.368421
0.357143
0.428571
0.4
0.555556
0.277778
0.416667
0.333333
0
0.181818
0.3125
0.2
0.352941
0.533333
0.25
0.272727
0.333333
0.333333
0.384615
0.478261
0
0.405405
0.0909091
0.666667
0.461538
0.266667
0.375
0.428571
0.333333
0.142857
0.4
0.333333
0.538462
0.592593
0.575758
0.484848
0.7
0.533333
0.592593
0.478261
0.454545
0.454545
0.6875
0.428571
0.724138
0.615385
0.52
0.708333
0.72
0.517241
0.55
0.652174
0.6
0.5625
0.538462
0.538462
0.4
0.333333
0.5
0.5
0.625
0.363636
0.56
0.5
0.444444
0.5
0.64
0.588235
0.56
0.615385
0.44
0.444444
0.230769
0.551724
0.347826
0.461538
0.558824
0.542857
0.518519
0.423077
0.5
0.517241
0.52381
0.580645
0.647059
0.481481
0.461538
0.545455
0.545455
0.548387
0.585366
0.653846
0.75
0.68
0.71875
0.769231
0.727273
0.647059
0.658537
0.574468
0.555556
0.5
0.578947
0.7
0.722222
0.622222
0.673913
0.780488
0.615385
0.564103
0.5
0.457143
0.558824
0.714286
0.64
0.564103
0.565217
0.605263
0.633333
0.625
0.25
0.384615
0.735294
0.6
0.585366
0.357143
0.642857
0.55
0.52
0.763158
0.65625
0.595745
0.55102
0.484848
0.447368
0.55
0.5
0.658537
0.640625
0.636364
0.5625
0.583333
0.6
0.533333
0.6
0.697674
0.527778
0.555556
0.583333
0.466667
0.682927
0.645161
0.6
0.555556
0.666667
0.583333
0.448276
0.375
0.65625
0.511111
0.428571
0.5
0.566667
0.678571
0.666667
0.62069
0.64
0.605263
0.638889
0.538462
0.444444
0.55
0.642857
0.5
0.466667
0.407407
0.6875
0.46875
0.666667
0.458333
0.714286
0.681818
0.518519
0.628571
0.388889
0.555556
0.692308
0.615385
0.533333
0.64
0.551724
0.419355
0.666667
0.4375
0.692308
0.608696
0.62069
0.454545
1
0.5
0.5
0.461538
0.483871
0.625
0.352941
0.3125
0.454545
0.375
0.611111
0.526316
0.6
0.538462
0.352941
0.272727
0.789474
0.333333
0.421053
0.769231
0.541667
0.642857
0.357143
0.64
0.304348
0.714286
0.71875
0.642857
0.5625
0.571429
0.714286
0.64
0.641026
0.56
0.64
0.72
0.65
0.548387
0.826087
0.615385
0.166667
0.631579
0.928571
0.764706
0.64
0.583333
0.454545
0.75
0.444444
0.48
0.52
0.5
0.545455
1
0.541667
0.352941
0.695652
0
0.631579
0.411765
0.5
0.461538
0.384615
0.592593
0.833333
0.625
0.55
0.8
0.633333
0.625
0.65625
0.571429
0.833333
0.55814
0.62963
0.611111
0.607143
0.52381
0.590909
0.391304
0.75
0.75
0.678571
0.653846
0.7
0.567568
0.617647
0.551724
0.578947
0.5
0.529412
0.540541
0.714286
0.814815
0.516129
0.540541
0.769231
0.636364
0.535714
0.52
0.533333
0.571429
0.387097
0.555556
0.52
0.75
0.5
0.617647
0.535714
0.68
0.612903
0.481481
0.407407
0.354839
0.461538
0.516129
0.423077
0.485714
0.568182
0.53125
0.457143
0.35
0.416667
0.487179
0.393939
0.466667
0.52
0.375
0.516129
0.538462
0.56
0.625
0.571429
0.647059
0.619048
0.652174
0.478261
0.705882
0.5
0.68
0.454545
0.3
0.444444
0.625
0.5
0.428571
0.473684
0.5
0.4
0.458333
0.416667
0.571429
0.3125
0.428571
0.5
0.533333
0.461538
0.5
0.615385
0.333333
0.470588
0.533333
0.666667
0.666667
0.625
0.692308
0.833333
0.75
0.611111
0.777778
0.428571
0.615385
0.529412
0.6
0
0.5
0.666667
0.6
0
0.555556
0
0
0
0.5
0
0
0.5
0
0
0.5
0.5
0.5
1
0.714286
0.5
0.75
1
0.5
1
0.6
0.25
0.473684
0.428571
0.75
0.5
0.25
0.333333
0.166667
0
0
0
0.75
0.777778
0.5625
0.625
0.285714
0.571429
0.428571
0.555556
0.8
0.666667
0.666667
0.583333
0.4
0
0.857143
0.428571
1
0.8
0.333333
0.583333
0.444444
0.4
0.818182
0.5
0.714286
0.444444
0.2
0.607143
0.7
0.538462
0.461538
0.545455
0.294118
0.384615
0.473684
0.642857
0.730769
0.653846
0.461538
1
0.846154
0.736842
0.65
0.714286
0.7
0.375
0.411765
0.384615
0.625
0.714286
0.454545
0.526316
0.478261
0.272727
0.35
0.5
0.5
0
0.2
0.333333
0.6
0.652174
0.636364
0.6875
0.527778
0.5
0.458333
0.473684
0.358974
0.358974
0.487805
0.285714
0.3
0.428571
0.375
0.595238
0.419355
0.462963
0.512195
0.425532
0.466667
0.441176
0.333333
0.619048
0.638889
0.571429
0.521739
0.534483
0.555556
0.595238
0.46
0.560976
0.472222
0.511111
0.268293
0.333333
0.393939
0.542857
0.37931
0.357143
0.5
0.384615
0.34375
0.405405
0.375
0.5
0.35
0.627907
0.545455
0.545455
0.409091
0.470588
0.818182
0.742857
0.666667
0.615385
0.55
0.55
0.621622
0.6
0.65
0.564103
0.613636
0.560976
0.526316
0.578947
0.424242
0.535714
0.617021
0.625
0.547619
0.571429
0.538462
0.657895
0.814815
1
0.574468
0.633333
0.714286
0.166667
0.32
0.714286
0.574468
0.5
0.65
0.534884
0.466667
0.673469
0.56
0.518519
0.695652
0.653846
0.627907
0.52
0.55814
0.647059
0.533333
0.428571
0.411765
0.583333
0.416667
0.857143
0.666667
0.433333
0.285714
0.678571
0.465116
0.2
0.454545
0.444444
0.607143
0.625
0.571429
0
0.727273
0.5
0.368421
0.473684
0.566667
0.387097
0.5
0.5
0.5
0.3125
0.541667
0.5
0.551724
0.5
0.52381
0.580645
0.416667
0.44
0.428571
0.409091
0.409091
0.571429
0.473684
0.647059
0.6
0.352941
0.444444
0.2
0.583333
0.75
0.6
0.6
0.571429
0
0.2
0.636364
0.333333
0.518519
0.619048
0.608696
0.466667
0.538462
0.666667
0.545455
0.714286
0.7
0.571429
0.611111
0.642857
0.56
0.647059
0.655172
0.764706
0.615385
0.588235
0.526316
0.52
0.631579
0.52
0.8
0.857143
0.388889
0.5
0.666667
0.5
0.555556
0.692308
0.684211
0.470588
0.636364
0.55
0.692308
0.666667
0.529412
0.4
0.4
0.3
0.333333
0.222222
0.416667
0.357143
0.555556
0.6
0.444444
0.833333
0.5
0.375
0.8
0.857143
0.730769
0.5
0.72
0.75
0.727273
0.461538
0.666667
0.727273
0.6
0.571429
0.75
0.583333
0.666667
0.478261
0.611111
0.583333
0.588235
0.75
0.722222
0.636364
0.5
0.529412
0.916667
0.785714
0.666667
0.5
0.466667
0.461538
0.555556
0.555556
0.416667
0.666667
0.571429
0.416667
0.416667
0.583333
0.428571
0.625
0.454545
0.333333
0.52381
0.642857
0.266667
0.583333
0.545455
0.277778
0.428571
0.272727
0.272727
0.4
0.384615
0.4
0.285714
0.5
0.125
0.470588
0.48
0.375
0.615385
0.470588
0.411765
0.566667
0.529412
0.888889
0.857143
0.75
0.125
0.470588
0.448276
0.526316
0.761905
0.466667
0.7
0.208333
0.666667
0.461538
0.428571
0.64
0.888889
0.833333
0.846154
0.666667
0.8
0.714286
0.363636
0.576923
0.589744
0.555556
0.617647
0.666667
0.684211
0.703704
0.787879
0.682927
0.717391
0.758621
0.740741
0.567568
0.542857
0.666667
0.512821
0.541667
0.590909
0.565217
0.555556
0.666667
0.4
0.576923
0.56
0.35
0.56
0.318182
0.391304
0.5
0.47619
0.555556
0.647059
0.769231
0.785714
0.785714
0.692308
0.5
0.555556
0.529412
0.857143
0.321429
0.3
0.571429
0.7
0.428571
0.352941
0.368421
0.307692
0.454545
0.421053
0.454545
0.52381
0.470588
0.333333
0.227273
0.36
0.625
0.608696
0.5
0.425532
0.47619
0.589744
0.515152
0.4
0.9
0.666667
0.529412
0.458333
0.5
0.55
0.55
0.666667
0.8
0.611111
0.705882
0.777778
0.465116
0.522727
0.5
0.558824
0.526316
0.578947
0.722222
0.48
0.69697
0.466667
0.444444
0.392857
0.166667
0.527778
0.435897
0.75
0.433333
0.630435
0.444444
0.583333
0.5
0.5
0.571429
0.571429
0.333333
1
0.333333
0.111111
0.5
0.5
0.666667
0.25
0.617647
0.611111
0.64
0.486486
0.613636
0.47619
0.25
0.428571
0.47619
0.481481
0.458333
0.510204
0.647059
0.490566
0.533333
0.481481
0.666667
0.689655
0.833333
0.875
0.5
0.833333
0.4
0.454545
0.384615
0.357143
0.615385
0.761905
0.714286
0.8125
0.444444
0.809524
0.769231
0.710526
0.7
0.8
0.52381
0.807692
0.833333
0.684211
0.575
0.538462
0.47619
0.722222
0.421053
0.470588
0.434783
0.25
0
0
1
0
0.833333
0.482759
0
0
0
0
0
0
0
0
0.833333
0
0
0
0
0
0
0
0
0
0
0
0
0
0
0
0
0
0
0
0
0
0
0
0
0.55
0
0
0
0
0
0
0
0
0
0
0
0
0
0
0
0
0
0
0
0
0
0
0
0
0
0
0
0
0
1
0
0
0.25
0
0
0
0
0.5
0.333333
0
0
0.333333
1
0
1
1
0
1
0
0
0
0
0
1
0.75
0.8
0.75
0.8
0.625
0.833333
0.857143
0.571429
0.7
0.75
0.833333
0.5
0.5
0.666667
0.25
0.666667
0.642857
0.555556
0
0.666667
1
1
0.5
0.533333
1
0.571429
0.583333
0.727273
0
1
0
0.571429
0.75
0.5
0.333333
0.6
0.833333
0.5
0.333333
0.333333
0.4
0.285714
0.5
0
0
0
0
0.666667
1
0.5
0
0
1
0.5
0.5
0.75
0.4
0
0
0
0.5
0
0
0
0
0
0
0
0.142857
0.25
0.25
0
0.5
0.6
0.666667
1
0.666667
1
0.666667
1
0.555556
0.8
0.5
0.75
1
0.666667
0
0.5
0
0
0.642857
0.464286
0.619048
0.428571
0.47619
0.666667
0.125
0
0.428571
0.6
0.692308
0.875
0.777778
1
0.6
0
0
0.2
0.428571
0.666667
0
0.5
0.307692
0.818182
1
0.2
0
0.5
0.666667
0
1
0.833333
0.5
0
0
0.5
0.2
0.166667
0.5
0.368421
0.5
0.647059
0.416667
0.428571
0.428571
0.7
0.4
0.48
0.571429
0.5
0
1
0.4
0.55
0.428571
0.590909
0.352941
0.45
0.352941
0.388889
0.285714
0.5
0.272727
0.45
0.294118
0.411765
0.388889
0.347826
0.368421
0.571429
0.5
0.411765
0.5
0.222222
0.5
0.375
0.478261
0.421053
0.473684
0.5
0.578947
0.4
0.15
0.5
0.333333
0.7
0.4375
0.714286
0.833333
0.545455
0.666667
0.555556
0.6
0.411765
0.461538
0.545455
0.714286
0.769231
0.428571
0.5
0.4
0.4
0.571429
0.333333
0.4
0.333333
0.375
0.166667
0.2
0.625
0.333333
0.571429
0.666667
0.5
0.5
0
0
0.571429
0.5
0.666667
0.75
0.8
0.571429
0.6
0.545455
0.4
0.833333
0.4
0
0.2
0.666667
0.4
0
0.5
0.285714
0.3
0.2
0.1875
0.416667
0.578947
0.555556
0.666667
0.473684
0.333333
0.272727
0.3
0.285714
0.772727
0.5
0.529412
0.578947
0.5
0.444444
0.428571
0.4
0.411765
0.55
0.516129
0.5
0.461538
0.6
0.466667
0.222222
0.133333
0
0
0.647059
0.5
0.428571
0.166667
0.277778
0.375
0.5
0.4
0.166667
0.461538
0
0.642857
0.727273
0.571429
0.8
0.533333
0.357143
0.5
0.714286
0.708333
0.5
0
0.642857
0.277778
0.285714
0.235294
0.28
0.318182
0.4
0.521739
0.722222
0.461538
0.37037
0.37037
0.473684
0.263158
0.466667
0.47619
0.411765
0.5
0.214286
0.333333
0.3
0.294118
0.181818
0.352941
0.454545
0.545455
0.3
1
0.363636
0
0.2
0.5
0.75
0.5
1
0.357143
0.25
0.285714
0.357143
0.473684
0.333333
0.272727
0.272727
0.533333
0.5
0.625
0.5
0.333333
0
0.833333
0.625
0.727273
0.888889
0.294118
0
0.2
0.666667
0.25
0.466667
0.666667
0.666667
0.352941
1
0.538462
0.375
0.333333
0.285714
0
0.666667
0.571429
0.666667
0.5
0.6
0.625
0.8
0.5
0.833333
0.714286
0.75
0.857143
0.666667
1
0.666667
1
0.576923
0.538462
0.521739
1
0.538462
0.571429
0.304348
0.538462
0.416667
0.5
0.333333
1
0.333333
0.384615
0
0.466667
0.5
0.333333
0
0
0
1
1
0.5
1
0.4
0.5
1
0.545455
0.444444
0.857143
0.777778
0
0.5
0.8
0.454545
0.6
0.6
0.222222
0.555556
0.333333
0.666667
0.666667
1
0
0.75
0.75
0.6
0.571429
0.666667
0.5
0.5
0.5
0.5
0.714286
0.571429
0.571429
0.625
0.571429
0.571429
0.428571
0.571429
0.5
0.666667
0.666667
0.555556
0.571429
0.666667
1
0.666667
1
0.5
0.333333
1
0.6
1
1
0
0.75
0.75
0.5
0.75
0.875
0.8
1
0.888889
0.571429
0.285714
0.6
1
0
0.75
0
1
1
0.6
1
0.8
0.4
0.5
0.5
0.5
0
1
0
0.5
1
0.25
0
0
0
0.333333
0.555556
0.636364
0.8
0.666667
0.777778
0.7
0.5
0.333333
0
0
0.5
0.285714
0.875
0.75
1
0.285714
0.111111
0.45
0.818182
0.642857
0.529412
0.5
0.571429
0.545455
0.25
0.653846
0.702703
0.6
0.581395
0.724138
0.590909
0.68
0.5
0.583333
0.606061
0.54
0.685714
0.735294
0.76087
0.777778
0.676471
0.806452
0.842105
0.685714
0.722222
0.7
0.633333
0.75
0.541667
0.375
0.6
0.923077
0.433333
0.826087
0.473684
0.55
0.636364
0.612903
0.62963
0.782609
0.761905
0.692308
0.666667
0.863636
0.8
0.733333
0.923077
0.863636
0.684211
1
0.928571
1
0.615385
0.75
0.875
0.533333
0.666667
0.384615
0.545455
0.692308
0.583333
0.538462
0.6875
0.411765
0.526316
0.615385
0.526316
0.529412
0.576923
0.6
0.470588
0.666667
0.444444
0.444444
0.4375
0.375
0.4
0.384615
0.375
0.473684
0.571429
0.533333
0.529412
0.714286
0.333333
0.8
0.722222
0.777778
0.642857
0.583333
0.8
0.642857
0.666667
0.5625
0.6
0.733333
0.555556
0.6
0.631579
0.478261
0.666667
0.55
0.6
0.5
0.533333
0.846154
0.631579
0.631579
0.619048
0.533333
0.5
0.470588
0.6
0.466667
0.25
0.538462
0.611111
0.470588
0.555556
0.692308
0.7
0.368421
0.470588
0.5
0.538462
0.428571
0.6
0.461538
0.666667
0.5
0.5
0.588235
0.5
0.4
0.5
0.428571
0.6
0.714286
0.7
0.5
0.538462
0.5
0.461538
0.307692
0.538462
0.428571
0.6
0.714286
0.428571
0.545455
0.375
0.2
0.125
0.363636
0.333333
0.5
0.307692
0.294118
0.230769
0.307692
0.25
0.166667
0.363636
0.428571
0.454545
0.352941
0.461538
0.307692
0.363636
0.307692
0.333333
0.473684
0.25
0.428571
0.285714
0.333333
0.263158
0.421053
0.272727
0.307692
0.5
0.375
0.294118
0.315789
0.4
0.642857
0.473684
0.333333
0.461538
0.533333
0.333333
0.411765
0.466667
0.529412
0.444444
0.545455
0.3
0.625
0.571429
0.588235
0.533333
0.533333
0.272727
0.466667
0.384615
0.333333
0.315789
0.35
0.315789
0.588235
0.4375
0.409091
0.315789
0.142857
0.285714
0.416667
0.538462
0.428571
0.434783
0.3125
0.461538
0.285714
0.555556
0.181818
0.25
0.411765
0.428571
0.333333
0.666667
0.363636
0.4
0.28
0.375
0.583333
0.384615
0.444444
0.333333
0.222222
0.419355
0.44
0.5
0.357143
0.321429
0.266667
0.296296
0.4
0.375
0.428571
0.416667
0.266667
0.285714
0.5
0.470588
0.285714
0.285714
0.307692
0.375
0.294118
0.230769
0.25
0.4
0.25
0.269231
0.4
0.384615
0.428571
0.363636
0.266667
0.26087
0.357143
0.384615
0.2
0.5
0.3
0.142857
0.2
0.4
0.444444
0.375
0.428571
0.25
0.636364
0.428571
0.333333
0.310345
0.296296
0.321429
0.368421
0.411765
0.571429
0.421053
0.52381
0.517241
0.444444
0.409091
0.384615
0.4
0.45
0.428571
0.3
0.5
0.363636
0.333333
0.388889
0.391304
0.307692
0.5
0.470588
0.454545
0.4
0.545455
0.375
0.35
0.55
0.526316
0.4
0.555556
0.375
0.304348
0.5
0.45
0.518519
0.47619
0.45
0.461538
0.3
0.222222
0.47619
0.3
0.2
0.166667
0.4
0.4
0.5
0.357143
0.6
0.571429
0.428571
0.416667
0.5
0.428571
0.545455
0.363636
0.571429
0.5
0.571429
0.636364
1
0.444444
0.428571
0.333333
0.5
0.5
0.466667
0.25
0.363636
0.25
0.333333
0.384615
0.315789
0.416667
0.25
0.307692
0.571429
0.444444
0.333333
0.411765
0.5
0.545455
0.3125
0.333333
0.4
