0
0.857143
0.9
1
0.944444
1
0.95
0.928571
1
0.931034
0.727273
0.8
0.857143
0.913043
0.954545
0.791667
0.928571
0.857143
0.791667
0.72
0.909091
0.666667
0.71875
0.875
0.8
0.75
0.62069
0.757576
0.652174
0.818182
0.814815
0.714286
0.818182
0.826087
0.709677
0.666667
0.772727
0.653846
0.722222
0.714286
0.787879
0.72973
0.52
0.727273
0.809524
0.738095
0.692308
0.815789
0.777778
0.75
0.8
0.714286
0.821429
0.722222
0.724138
0.678571
0.625
0.714286
0.6875
0.636364
0.461538
0.526316
0.916667
0.636364
0.615385
0.545455
0.666667
0.619048
0.615385
0.7
0.363636
0.578947
0.6
0.631579
0.785714
0.5625
0.714286
0.583333
0.5625
0.454545
0.846154
0.6875
0.666667
0.785714
0.5
0.7
0.733333
0.5
0.916667
0.75
0.615385
0.533333
0.666667
0.6
0.8
0.692308
0.75
0.714286
0.6
0.555556
0.5
1
0.5
0.8
0.6
0.875
0.625
0.666667
0.642857
0.533333
0.454545
0.578947
0.611111
0.4375
0.764706
0.722222
0.733333
0.615385
0.555556
0.5625
0.75
0.714286
0.636364
0.55
0.6
0.6875
0.388889
0.428571
0.5625
0.5
0.368421
0.666667
0.588235
0.833333
0.809524
0.846154
0.730769
0.708333
0.685714
0.780488
0.666667
0.705882
0.705882
0.695652
0.758621
0.580645
0.709677
0.692308
0.65625
0.421053
0.285714
0.285714
0.4375
0.428571
0.793103
0.666667
1
0.8125
0.769231
0.785714
0.52381
0.666667
0.8
0.923077
0.83871
0.681818
0.705882
0.769231
0.65
0.875
0.65
0.789474
0.68
0.727273
0.769231
0.705882
0.76
0.789474
0.833333
0.444444
0.411765
0.666667
0.857143
0.7
0.5
0.62963
0.703704
0.615385
0.75
0.636364
0.684211
0.454545
0.555556
0.55
0.722222
0.909091
0.777778
0.714286
0.857143
0.826087
1
1
0.692308
0.692308
1
0.777778
0.777778
0.8
0.7
0.5
0.555556
0.555556
0.6
0
0
0.428571
1
0.7
0.727273
0.692308
0
0.5
0.75
0.8
0.583333
0.866667
0.428571
0.25
0.333333
0.6
0.9
0.3
0.25
0.571429
0.8
0.857143
0.25
0.333333
0.625
0.555556
0.625
0.636364
0.25
0
0.25
0
0
0.333333
0.666667
0.333333
0.25
0.4
0.4
0.4
0.8
0.5
0.583333
0.833333
0.5
0.428571
1
0.6
1
1
0.2
0.4
0.4
0.0909091
0.333333
0.5625
0.571429
0.428571
0.5
0.25
0.3
0.333333
0.222222
0.428571
0.375
0.142857
0.538462
0.363636
0.5
0.692308
0.6
0.4
0.538462
0.571429
0.583333
0.777778
0.454545
0.636364
0.8
0.636364
0.555556
0.272727
0.375
0.454545
0.333333
0.307692
0.555556
0.444444
0.75
1
0.4
0.111111
0.666667
0.5
0
0.666667
0.25
0.5
0.555556
0.333333
0.818182
0
0.666667
0.454545
0.777778
0.633333
0.69697
0.740741
0.6
0.731707
0.567568
0.578947
0.59375
0.772727
0.842105
0.68
0.764706
0.558824
0.592593
0.615385
0.555556
0.45
0.461538
0.625
0.705882
0.5
0.545455
0.55
0.5
0.473684
0.384615
0.619048
0.666667
0.708333
0.772727
0.714286
0.586207
0.62963
0.571429
0.657143
0.611111
0.481481
0.483871
0.555556
0.391304
0.5
0.411765
0.482759
0.347826
0.277778
0.391304
0.3125
0.636364
0.458333
0.64
0.589744
0.529412
0.714286
0.75
0.619048
0.5
0.678571
0.62963
0.866667
0.826087
0.666667
0.454545
0.666667
0.487805
0.631579
0.62069
0.625
0.393939
0.527778
0.416667
0.65
0.5
0.653846
0.545455
0.475
0.526316
0.791667
0.714286
0.535714
0.558824
0.59375
0.588235
0.727273
0.8
0.73913
0.857143
0.576923
0.62069
0.8125
0.777778
0.833333
0.565217
0.6
0.5
0.6
0.5
0.421053
0.588235
0.6
0.5
0.555556
0.578947
0.52381
0.588235
0.571429
0.444444
0.5
0.677419
0.75
0.647059
0.736842
1
0.583333
0.666667
0.75
0.777778
0.578947
0.5
0.45
0.607143
0.619048
0.56
0.826087
0.545455
0.772727
0.692308
0.555556
0.625
0.666667
0.666667
0.571429
0.555556
0.65
0.421053
0.681818
0.65
0.684211
0.714286
0.4
0.423077
0.391304
0.5
0.428571
0.2
0.5
0.6
0.4
0.4
0.555556
0.375
0.333333
0.714286
0.727273
0.419355
0.444444
0.933333
0.769231
0.473684
0.631579
0.866667
0.833333
0.636364
0.636364
0.59375
0.548387
0.695652
0.59375
0.583333
0.642857
0.6
0.647059
0.761905
0.666667
0.5
0.727273
0.64
0.8
0.666667
0.888889
0.714286
0.826087
0.625
0.666667
0.636364
0.571429
0.555556
0.461538
0.555556
0.785714
0.6
0.578947
0.703704
0.75
0.6
0.615385
0.586207
0.866667
0.722222
0.75
0.678571
0.631579
0.823529
0.846154
0.764706
0.75
0.631579
0.4
0.5
0.625
0.689655
0.580645
0.538462
0.258065
0.352941
0.551724
0.428571
0.542857
0.575758
0.56
0.46875
0.5
0.461538
0.444444
0.375
0.586207
0.510638
0.403846
0.458333
0.333333
0.294118
0.28125
0.222222
0.454545
0.535714
0.608696
0.465116
0.5
0.529412
0.652174
0.612903
0.55
0.5
0.439024
0.461538
0.418182
0.5
0.44
0.1875
0.568182
0.512821
0.660377
0.46875
0.538462
0.7
0.590909
0.361111
0.542857
0.55
0.566667
0.636364
0.548387
0.40625
0.5
0.6
0.578947
0.590909
0.576271
0.472222
0.413793
0.568182
0.540541
0.636364
0.576923
0.6
0.555556
0.567568
0.583333
0.448276
0.5
0.433333
0.341463
0.459459
0.487179
0.444444
0.542857
0.459459
0.357143
0.463415
0.466667
0.52
0.21875
0.275862
0.433333
0.367347
0.230769
0.615385
0.411765
0.5
0.380952
0.473684
0.481481
0.6
0.5
0.5
0.5
0.421053
0.405405
0.516129
0.636364
0.285714
0.368421
0.588235
0.416667
0.5
0.5
0.35
0.5
0.214286
0.210526
0.294118
0.666667
0.555556
0.545455
0.5
0.647059
0.7
0.588235
0.35
0.5
0.578947
0.538462
0.421053
0.458333
0.361111
0.40625
0.46875
0.36
0.458333
0.357143
0.321429
0.461538
0.433333
0.4
0.351351
0.354839
0.535714
0.416667
0.428571
0.285714
0.5625
0.571429
0.521739
0.535714
0.304348
0.375
0.352941
0.452381
0.372093
0.428571
0.435897
0.547619
0.555556
0.658537
0.676471
0.625
0.678571
0.793103
0.642857
0.540541
0.65625
0.666667
0.448276
0.589744
0.588235
0.387097
0.4
0.6
0.4
0.5
0.636364
0.677419
0.533333
0.666667
0.692308
0.608696
0.48
0.578947
0.428571
0.538462
0.642857
0.521739
0.64
0.5
0.857143
0.666667
0.65
0.461538
0.6
0.7
0.888889
0.5625
0.533333
0.571429
0.333333
0
0.333333
0
0.777778
0.222222
0.5
0.5
0.333333
0.166667
0.166667
0.1
0.333333
0.25
0.333333
0.666667
0
0.166667
0.8
0.666667
0.181818
0.5
0
0.666667
0
0.666667
0
0.8
0
0.333333
0.5
0.666667
0.5
0.5
0
0.5
0.5
0.222222
0.384615
0.2
0.333333
0.142857
0.534884
0.583333
0.416667
0.527027
0.553191
0.55102
0.473684
0.521739
0.560976
0.594595
0.40678
0.5
0.470588
0.454545
0.384615
0.2
0.394737
0.4
0.555556
0.413043
0.181818
0.428571
0.516129
0.392857
0.555556
0.541667
0.454545
0.48
0.454545
0.307692
0.235294
0.375
0.4
0.357143
0.25
0.647059
0.705882
0.695652
0.69697
0.782609
0.551724
0.8
0.322581
0.545455
0.666667
0.592593
0.777778
0.65
0.842105
0.565217
0.454545
0.705882
0.607143
0.538462
0.555556
0.545455
0.464286
0.611111
0.730769
0.777778
0.69697
0.645161
0.75
0.52
0.692308
0.428571
0.5
0.222222
0.5625
0.666667
0.384615
0.25
0.111111
0.538462
0.5
0.466667
0.461538
0.833333
0.615385
0.666667
0.65
0.590909
0.428571
0.444444
0.25
0.526316
0
0.52381
0.44186
0.425532
0.434783
0.581818
0.5
0.553571
0.882353
0.647059
0.69697
0.68
0.568182
0.277778
0.68
0.666667
0.571429
0.5
0.45283
0.4375
0.533333
0.487805
0.857143
0.423077
0.590909
0.375
0.333333
0.583333
0.571429
0.733333
0.642857
0.413793
0.411765
0.6
0.73913
0.631579
0.380952
0.357143
0.433333
0.583333
0.526316
0.230769
0.410256
0.5
0.714286
0.5
0.487179
0.454545
0.425
0.6875
0.302326
0.419355
0.4
0.461538
0.6
0.416667
0.548387
0.481481
0.411765
0.7
0.580645
0.625
0.6
0.5
0.733333
0.583333
0.733333
0.764706
0.789474
0.863636
0.866667
0.5
0.666667
0.772727
0.578947
0.7
0.630435
0.7
0.764706
0.684211
0.833333
0.605263
0.634615
0.590909
0.555556
0.611111
0.52381
0.461538
0.575758
0.560976
0.733333
0.867925
0.722222
0.809524
0.645161
0.583333
0.609756
0.6875
0.767442
0.756098
0.777778
0.701754
0.696429
0.811321
0.8
0.777778
0.815789
0.785714
0.804878
0.742857
0.8
0.513514
0.542857
0.72
0.48
0.660377
0.689655
0.703704
0.758621
0.641026
0.78125
0.54
0.75
0.833333
0.653061
0.66
0.673469
0.6
0.666667
0.764706
0.733333
0.736842
0.571429
0.636364
0.785714
0.777778
0.636364
0.8
0.782609
0.833333
0.888889
0.826087
0.642857
0.346154
0.576923
0.615385
0.454545
0.5
0.722222
0.583333
0.363636
0.5
0.478261
0.526316
0.555556
0.428571
0.4
0.363636
0.166667
0.2
0.4
0.4
0.363636
0.333333
0.25
0
0.363636
0.666667
0.529412
0.357143
0.333333
0.352941
0.533333
0.461538
0.5
0.352941
0.2
0.142857
0
0.833333
0.65
0.466667
0.823529
0.789474
0.4
0.615385
0.8
0.73913
0.76087
0.661017
0.583333
0.607843
0.142857
0.357143
0.5
0.333333
0
0.5
0.545455
0
0.2
0.153846
0.285714
0.466667
0.485714
0.368421
0.347826
0.387097
0.702703
0.625
0.448276
0.583333
0.576923
0.625
0.636364
0.52381
0.444444
0.625
0.583333
0.619048
0.642857
0.733333
0.666667
0.538462
0.583333
0.44
0.4375
0.25
0.5
0.380952
0.652174
0.434783
0.47619
0.333333
0.333333
0.357143
0.318182
0.3
0.5
0.423077
0.5
0.55
0.272727
0.434783
0.47619
0.318182
0.413793
0.428571
0.407407
0.5
0.269231
0.407407
0.44
0.483871
0.5
0.5
0.53125
0.62963
0.766667
0.647059
0.701754
0.625
0.617647
0.592593
0.69697
0.634146
0.64
0.694444
0.666667
0.681818
0.574468
0.489362
0.741935
0.694444
0.733333
0.638298
0.72973
0.659091
0.714286
0.6
0.571429
0.571429
0.642857
0.419355
0.36
0.552632
0.658537
0.625
0.484848
0.510638
0.307692
0.59322
0.648649
0.604651
0.486486
0.368421
0.466667
0.611111
0.526316
0.735294
0.514286
0.489362
0.444444
0.416667
0.441176
0.529412
0.575
0.575758
0.529412
0.59375
0.5
0.595238
0.763158
0.619048
0.606061
0.578947
0.617647
0.68
0.652174
0.62963
0.78125
0.555556
0.65625
0.68
0.75
0.677419
0.461538
0.555556
0.55
0.657895
0.571429
0.638889
0.62963
0.655172
0.5
0.576923
0.517241
0.736842
0.694444
0.642857
0.419355
0.444444
0.62069
0.857143
0.666667
0.421053
0.642857
0.571429
0.705882
0.4
0.571429
0.5
0.538462
0.636364
0.416667
0.428571
0.5
0.647059
0.428571
0.571429
0.407407
0.451613
0.423077
0.291667
0.48
0.590909
0.533333
0.307692
0.25
0.7
0.692308
0.5
0.384615
0.666667
0.333333
0.25
0.384615
0.388889
0.5
0.5
0.666667
0.571429
0.666667
0.5
0.333333
0.1875
0.25
0.428571
0.423077
0.473684
0.692308
0.681818
0.444444
0.677419
0.6875
0.65625
0.555556
0.666667
0.724138
0.571429
0.552632
0.695652
0.533333
0.538462
0.541667
0.575758
0.4375
0.592593
0.2
0.631579
0.8
0.52381
0.611111
0.5
0.642857
0.545455
0.625
0.428571
0.625
0.571429
0.6
1
0.4
0.32
0.666667
0
0.761905
0.611111
0.416667
0.52381
0.565217
0.684211
0.6875
0.416667
0.529412
0.7
0.625
0.590909
0.583333
0.5
0.757576
0.705882
0.705882
0.866667
0.555556
0.533333
0.529412
0.555556
0.590909
0.666667
0.521739
0.735294
0.631579
0.710526
0.692308
0.666667
0.694444
0.730769
0.666667
0.806452
0.884615
0.62069
0.607143
0.769231
0.875
0.714286
0.565217
0.615385
0.567568
0.758621
0.666667
0.703704
0.695652
0.703704
0.769231
0.678571
0.689655
0.68
0.65625
0.6875
0.666667
0.655172
0.611111
0.766667
0.6
0.548387
0.575
0.558824
0.653846
0.631579
0.533333
0.552632
0.482759
0.583333
0.615385
0.478261
0.580645
0.56
0.692308
0.826087
0.611111
0.666667
0.823529
0.789474
0.545455
0.782609
0.6
0.7
0.692308
0.636364
0.666667
0.333333
0.3
0.230769
0.5
0.454545
0.4
0.730769
0.578947
0.588235
0.529412
0.571429
0.714286
0.5
0.571429
0.692308
0.5
0.636364
0.6875
0.692308
0.777778
1
0.857143
0.727273
0.8
0.769231
0.714286
0.571429
0.533333
0.538462
0.733333
0.727273
0
0.75
0.7
0.7
0
0.75
0
0
0
0.5
0
0.5
0.166667
0
0.2
0.454545
0.714286
0.727273
0.2
0.5
0
0.538462
0.5
0.666667
0
0.111111
0.5
0.384615
0.4375
0.434783
0.333333
0.25
0
0.666667
0.6
1
0.5
0.933333
0.857143
0.6875
0.6
0.5
0.333333
0.555556
0.555556
0.916667
0.75
0.666667
0.9
0.444444
0
0.166667
0.333333
0.666667
0.5
0.6
0.333333
0.5
0.6
0.666667
0.5
0.571429
0.25
0.6
0.555556
0.714286
0.428571
0.5
0.3
0.461538
0.222222
0.666667
0.5
0.8125
0.741935
0.76
0.8
0.75
0.857143
0.714286
0.6875
0.615385
0.461538
0.538462
0.615385
0.6
0.555556
0.714286
0.578947
0.545455
0.352941
0.631579
0.5
0.461538
0.285714
0.142857
0.214286
0.230769
0.5
0.25
0.533333
0.434783
0.5
0.666667
0.285714
0.25
0.363636
0.621622
0.46875
0.533333
0.451613
0.526316
0.472222
0.446429
0.42
0.589744
0.390244
0.823529
0.625
0.543478
0.409091
0.5
0.571429
0.541667
0.6
0.578947
0.481481
0.387097
0.347826
0.352941
0.384615
0.47619
0.473684
0.535714
0.470588
0.384615
0.384615
0.692308
0.363636
0.263158
0.296296
0.3
0.333333
0.263158
0.780488
0.740741
0.473684
0.631579
0.666667
1
0.852941
0.5
0.583333
0.806452
0.676471
0.75
0.763158
0.73913
0.744186
0.66
0.625
0.666667
0.75
0.705882
0.714286
0.685714
0.75
0.647059
0.75
0.75
0.771429
0.862069
0.428571
0.754717
0.84375
0.714286
0.3
0.695652
0.571429
0.644444
0.515152
0.810811
0.684211
0.5
0.575758
0.485714
0.416667
0.424242
0.5
0.4
0.615385
0.454545
0.714286
0.571429
0.727273
0.615385
0.714286
0.4
1
0.75
0.409091
0.5
0.571429
0.45
0.333333
0.709677
0.545455
0.541667
0.714286
0.428571
0.333333
0.5
0.428571
0.5
0.428571
0.461538
0.421053
0.592593
0.5
0.6
0.5
0.6
0.611111
0.272727
0.666667
0.466667
0.46875
0.419355
0.633333
0.565217
0.428571
0.45
0.333333
0.1875
0.230769
0.428571
0.272727
0.25
0.6
0.285714
0.333333
0.0909091
0.529412
0.5
0.25
0.375
0.428571
0.5
0.375
0.529412
0.45
0.5
0.464286
0.666667
0.454545
0.666667
0.625
0.555556
0.47619
0.7
0.52
0.46875
0.6
0.8125
0.625
0.75
0.5
0.590909
0.578947
0.48
0.733333
0.75
0.5625
0.666667
0.7
0.333333
0.4
0.6
0.555556
0.615385
0.857143
0.454545
0.789474
0.909091
0.5
0.307692
0.2
0.181818
0.25
0.111111
0.2
0.333333
0.333333
0.3
0.4
0.666667
0.380952
0.730769
0.8
0.772727
0.793103
0.571429
0.653846
0.863636
0.764706
0.6
0.727273
0.842105
0.761905
0.636364
0.9
0.727273
0.789474
0.642857
0.73913
0.727273
0.466667
0.9375
0.75
0.733333
0.631579
0.578947
0.647059
0.6
0.6
0.611111
0.555556
0.625
0.384615
0.5
0.5
0.666667
0.666667
0.533333
0.352941
0.466667
0.625
0.4
0.333333
0.454545
0.588235
0.466667
0.5
0.636364
0.636364
0.428571
0.266667
0.428571
0.454545
0.461538
0.3125
0.272727
0.4
0.615385
0.166667
0.6
0.434783
0.5
0.4
0.470588
0.384615
0.481481
0.642857
0.777778
0.888889
0.666667
0.428571
0.538462
0.461538
0.75
0.73913
0.56
0.777778
0.190476
0.8
0.583333
0.647059
0.590909
0.888889
0.727273
0.846154
0.785714
0.722222
0.888889
0.411765
0.625
0.52
0.384615
0.5
0.690476
0.666667
0.636364
0.769231
0.6875
0.789474
0.727273
0.772727
0.612903
0.724138
0.741935
0.685714
0.681818
0.705882
0.578947
0.6875
0.615385
0.631579
0.833333
0.72
0.529412
0.681818
0.454545
0.521739
0.529412
0.421053
0.777778
0.642857
0.714286
0.75
0.7
1
0.809524
0.733333
0.65
0.846154
0.46875
0.428571
0.555556
0.2
0.5
0.666667
0.65
0.294118
0.636364
0.37037
0.5
0.526316
0.47619
0.318182
0.233333
0.387097
0.434783
0.5
0.708333
0.6
0.608696
0.486486
0.515152
0.586207
0.666667
0.692308
0.6
0.615385
0.56
0.52381
0.578947
0.5
0.615385
0.5625
0.85
0.666667
0.588235
0.644444
0.638889
0.558824
0.609756
0.631579
0.75
0.5
0.689655
0.483871
0.6
0.515152
0.2
0.625
0.555556
0.636364
0.472222
0.484848
0.8
0.384615
0.5
0.444444
0.272727
0.454545
0.125
0.4
0.4
0.285714
0.428571
0
0
0.25
0.475
0.6875
0.516129
0.628571
0.584906
0.375
0.2
0.375
0.608696
0.545455
0.411765
0.564103
0.733333
0.644444
0.605263
0.666667
0.666667
0.796296
0.833333
0.8
0.5
0.8
0.428571
0.538462
0.692308
0.5
0.6
0.545455
0.6875
0.684211
0.541667
0.846154
0.75
0.8
0.73913
1
0.6875
0.689655
0.756757
0.785714
0.823529
0.714286
0.55
0.695652
0.545455
0.666667
0.787879
0
0
0
0.833333
0
0.571429
0.608696
0
0
0
0
0
0
0
0
0.571429
0
0
0
0
0
0
0
0
0
0
0
0
0
0
0
0
0
0
0
0
0
0
0
0
0.777778
0
0
0
0
0
0
0
0
0
0
0
0
0
0
0
0
0
0
0
0
0
0
0
0
0
0
0
0
0
1
0
0
0.5
0
0
0
0
0
0.666667
0
1
1
1
0
1
0.5
0
1
0
0
0
0
0
1
1
0.857143
0.75
0.875
1
1
0.857143
0.875
1
0.888889
1
0.875
0.636364
0.9
0.75
0.9
0.928571
0.9
0
1
1
1
0.333333
0.722222
0
0.7
0.625
0.777778
1
0
0
1
1
0.75
0
0.777778
0.8
0.2
0
0
0.454545
0.166667
0.5
0
1
0
0
0
1
0.5
0
0
1
0.333333
1
0.75
0.75
0
0
0
0.5
0
0
0.333333
0
0
1
0
0.333333
0
0.5
0.285714
0.333333
0.333333
0.571429
1
0.666667
0.333333
0.5
0.666667
0.666667
1
0.6
0.75
1
0.333333
0
0.714286
0
0
0.75
0.555556
0.666667
0.625
0.6
0.333333
0.222222
0.111111
0.428571
0.727273
0.6
0.75
0.75
1
0.6
0.333333
0.25
0.4
0.6
0.6
0
0.285714
0.363636
0.555556
1
0.470588
0
0.333333
1
0
0
0.666667
0.666667
0
0
0.333333
0.5
0.4
0.521739
0.466667
1
0.777778
0.454545
0.375
0.5
0.7
0.521739
0.619048
0.692308
0.583333
0.5
0.5
0.4375
0.388889
0.529412
0.588235
0.684211
0.470588
0.4375
0.588235
0.533333
0.555556
0.625
0.733333
0.789474
0.521739
0.529412
0.571429
0.478261
0.846154
0.666667
0.8
0.52381
0.727273
0.769231
0.466667
0.521739
0.411765
0.764706
0.625
0.5
0.727273
0.461538
0.785714
0.7
0.727273
0.6875
0.583333
0.777778
0.666667
0.625
0.470588
0.75
0.4
0.352941
0.5
0.625
0.785714
0.538462
0.692308
0.2
0.5
0.625
0.25
0.6
0.5
0.25
0.375
0.444444
0.5
0.4
0.142857
0.6
0.375
0.666667
0.666667
0
0.8
0
0
0.5
0.6
0.714286
0.5
0.230769
0.555556
1
0.2
0
0.25
0.5
0.5
0.25
0.666667
0.636364
0.3
0.375
0.333333
0.636364
0.4
0.647059
0.7
0.533333
0.6
0.666667
0.2
0.285714
0.538462
0.5
0.466667
0.538462
0.421053
0.333333
0.529412
0.454545
0.578947
0.478261
0.444444
0.375
0.416667
0.4375
0.6
0.166667
0.307692
0.538462
0.357143
0.5
0.4
0.2
0.428571
0.647059
0.642857
0.727273
0.545455
0.416667
0.444444
0.375
0.285714
0.538462
0.444444
0.6
0.631579
0.6
0.416667
0.615385
0.518519
0.5
0.285714
0.3125
0.214286
0.5
0.5625
0.565217
0.409091
0.6
0.55
0.571429
0.461538
0.321429
0.354839
0.470588
0.37037
0.444444
0.4
0.263158
0.263158
0.352941
0.5
0.333333
0.117647
0.153846
0.3
0.333333
0.4
0.333333
0.5
0.466667
0.5
0.285714
0.333333
0.6
0.5
0.333333
0.416667
0.6
0.411765
0.363636
0.190476
0.333333
0.333333
0.166667
0.571429
0.444444
0.7
0.9
0.4
0
0
0.2
0.4
0.6
0.266667
0.142857
0.375
0.619048
0.5
0.625
0.375
0
0.333333
0.5
0.388889
0.230769
0.375
0.571429
0.333333
0.5
0.444444
0.75
1
0.5
0.727273
0.6
0.6
0.625
0.5
0.5
0.75
1
0
0.666667
0.75
0.470588
0.535714
0.6
0
0.583333
0.478261
0.35
0.56
0.545455
0.75
0.5625
0.333333
1
0.25
0
0.384615
0.333333
0
0
0
0
1
0
0.2
0.75
0.2
0.5
0.5
0.4
0.428571
0.555556
0.777778
1
0.666667
1
0.444444
0.363636
0.428571
0.285714
0.444444
0.25
0.666667
1
0.666667
0
1
0.75
0.8
0.857143
0.714286
0.666667
0.571429
0.625
0.375
0.4
0.571429
0.5
0.5
0.555556
0.363636
0.375
0.444444
0.333333
0.333333
0.333333
0.5
0.285714
0.5
0
0.666667
0
1
0.666667
0.5
0.5
0.666667
0.5
0
0.5
0.555556
0.5
0.6
0.7
0.8
0.8
0.636364
0.714286
0.6
0.6
1
0.5
0.6
0
0.5
0.666667
0.4
0
0.4
0
0.333333
0
0.666667
0
0.8
0
0.5
0.5
0.666667
0
0
0
0.5
0.75
0.0833333
0.375
0.555556
0.578947
0.538462
0.857143
0.8
0.5
0.285714
0.6
0.285714
0.538462
0.454545
0.428571
0.545455
0.363636
0.684211
0.733333
0.466667
0.461538
0.555556
0.666667
0.555556
0.5
0.266667
0.521739
0.46875
0.857143
0.645161
0.566667
0.648649
0.62963
0.568182
0.677419
0.571429
0.567568
0.827586
0.822222
0.846154
0.821429
0.821429
0.7
0.555556
0.434783
0.555556
0.592593
0.578947
0.454545
0.315789
0.434783
0.823529
0.545455
0.5
0.5
0.388889
0.571429
0.769231
0.833333
0.888889
0.857143
0.892857
0.789474
0.791667
0.85
0.764706
0.857143
0.954545
0.888889
0.857143
0.727273
0.833333
0.692308
0.8125
0.916667
0.5
0.666667
0.6
0.571429
0.888889
0.555556
0.666667
0.666667
0.588235
0.421053
0.714286
0.642857
0.692308
0.526316
0.52381
0.571429
0.461538
0.541667
0.48
0.470588
0.625
0.47619
0.571429
0.5
0.333333
0.357143
0.333333
0.5625
0.583333
0.444444
0.384615
0.444444
0.75
0.529412
0.454545
0.454545
0.461538
0.375
0.473684
0.615385
0.444444
0.444444
0.526316
0.411765
0.391304
0.428571
0.411765
0.266667
0.444444
0.583333
0.6
0.473684
0.578947
0.625
0.6
0.529412
0.444444
0.5625
0.5
0.666667
0.4
0.473684
0.45
0.5
0.363636
0.75
0.470588
0.277778
0.4375
0.357143
0.375
0.333333
0.5
0.583333
0.153846
0.545455
0.526316
0.5625
0.384615
0.5
0.4375
0.615385
0.571429
0.5
0.727273
0.583333
0.4
0.384615
0.25
0.6
0.363636
0.583333
0.5
0.642857
0.555556
0.285714
0.333333
0.6
0.642857
0.55
0.571429
0.75
0.4
0.583333
0.833333
0.4375
0.555556
0.538462
0.588235
0.8
0.4375
0.538462
0.466667
0.666667
0.538462
0.466667
0.470588
0.333333
0.529412
0.294118
0.4375
0.315789
0.315789
0.47619
0.434783
0.5
0.375
0.473684
0.529412
0.409091
0.45
0.526316
0.521739
0.466667
0.473684
0.384615
0.375
0.277778
0.461538
0.5
0.666667
0.571429
0.470588
0.5
0.470588
0.615385
0.615385
0.666667
0.444444
0.538462
0.5
0.5625
0.470588
0.461538
0.461538
0.375
0.444444
0.388889
0.5
0.2
0.636364
0.230769
0.272727
0.3
0.111111
0.222222
0.5625
0.5
0.1
0.181818
0.375
0.1
0.222222
0.5
0.181818
0.181818
0.277778
0.5
0.272727
0.333333
0.166667
0.294118
0.285714
0.35
0.315789
0.5
0.214286
0.25
0.310345
0.37037
0.454545
0.5
0.444444
0.5
0.461538
0.333333
0.25
0.3125
0.125
0.315789
0.3125
0.3
0.263158
0.5
0.230769
0.363636
0.5
0.37931
0.285714
0.357143
0.263158
0.285714
0.235294
0.263158
0.294118
0.416667
0
0.333333
0.4
0.181818
0.230769
0.142857
0.571429
0
0.333333
0
0.333333
0.466667
0.333333
0.444444
0.3
0.48
0.409091
0.315789
0.5
0.333333
0.304348
0.411765
0.347826
0.352941
0.354839
0.25
0.35
0.411765
0.5
0.5
0.363636
0.454545
0.470588
0.5
0.428571
0.545455
0.384615
0.391304
0.411765
0.4
0.4375
0.5
0.391304
0.47619
0.5
0.444444
0.285714
0.26087
0.333333
0.307692
0.52
0.391304
0.48
0.235294
0.473684
0.444444
0.5
0.1
0.6
0.571429
0.25
0.5
0.666667
0.5
0.4
0.285714
0.5
0.230769
0.5
0.5
0.5
0.266667
0.375
0.444444
0.4
0.5
0.5
0.363636
0.333333
0.8
0.142857
0.285714
0.428571
0.3
0.166667
0.466667
0.470588
0.578947
0.421053
0.416667
0.428571
0.384615
0.545455
0.333333
0.4
0.473684
0.588235
0.636364
0.470588
0.285714
0.4
