0
0.5
0.866667
0.666667
0.833333
0.833333
0.818182
0.625
0.9
0.777778
0.909091
0.888889
0.625
0.8
0.8
0.740741
0.633333
0.5
0.6
0.765957
0.709677
0.653061
0.583333
0.833333
0.596491
0.479167
0.68
0.644068
0.666667
0.4375
0.632653
0.545455
0.6
0.581395
0.619048
0.613636
0.551724
0
0
0.666667
0.590909
0.533333
0.529412
0.733333
0.515152
0.75
0.416667
0.56
0.615385
0.65
0.529412
0.551724
0.5
0.555556
0.454545
0.611111
0.363636
0.26087
0.181818
0.125
0.2
0.636364
0.625
0.571429
0.25
0.4
0.285714
0.333333
0.333333
0
0.166667
0
0.454545
0.3
0.333333
0.347826
0.6
0.333333
0.428571
0.444444
0
0.333333
0.333333
0.4
0.6
0.333333
0.75
0
0.4
0
0.388889
0.181818
0.26087
0.111111
0.333333
0.321429
0
1
0.666667
0.25
0
0
0
0.5
0.684211
0.52
1
0
0.272727
0.75
0.0909091
0.5
0.142857
0.4
0.6
0.5
0.666667
0.388889
0.555556
0.875
0.666667
0
0
0
1
0.5
0.307692
1
0.333333
0.842105
0.588235
0.571429
0.5
0.666667
0.666667
0.642857
0.666667
0.466667
0.625
0.3125
0.272727
0.352941
0.8
0.564103
0.485714
0.45
0.5
0.409091
0.583333
0.5
0.285714
0.5
0.333333
0.28
0.659091
0.642857
0.55814
0.65
0.0909091
0.5
0.302326
0.510204
0.307692
0.171429
0.394737
0.0714286
0
0
0
0.111111
0.241379
0.244444
0
0.555556
0.125
0.461538
0.317073
0.212121
0.12
0.12
0.176471
0.159091
0.16129
0.25
0.125
0.324324
0.487179
0.444444
0.363636
0.392857
0.769231
0.516129
0.297297
0.361111
0.44
0.545455
0.571429
0.26087
0.473684
0.351351
0.514286
0.481481
0.54
0.478261
0.452381
0.35
0.444444
0.6
0.617647
0.461538
0.36
0.241379
0.617021
0.574468
0.456522
0.5
0.44898
0.644444
0.666667
0.487179
0.605263
0.4375
0.384615
0.387097
0.394737
0.5
0.422222
0.315789
0.371429
0.463415
0.333333
0.513514
0.551724
0.52
0.5
0.272727
0
0.411765
0.461538
0.4
0.235294
0.321429
0.428571
0.428571
0.428571
0.5
0.5
0
0
0
0
1
1
0
1
1
0
0
0
0
0
0
0
0
0
0
0
0
1
0
0
0
0
0
0.846154
0
0
0
0
0
0
0
0
0.466667
0.4
0.714286
0
0.444444
0.333333
0.461538
0.333333
0.333333
0.181818
0.5
0.444444
0.117647
0.333333
0.388889
0.333333
0
0.285714
0.153846
0.04
0.25
0.047619
0.333333
0.375
0.47619
0.346154
0.176471
0.272727
0.24
0.222222
0.622222
0.769231
0.333333
0.333333
0.2
0.714286
0.362069
0.407407
0.190476
0.25
0.571429
0.382353
0.178571
0.195652
0.266667
0.5
0
0.666667
0.625
0.103448
0.238095
0.190476
0.153846
0.333333
0.333333
0
0.333333
0.75
0.243243
0.416667
0.0769231
0.0526316
0.428571
0.333333
0.1
0.285714
0.125
0.075
0.0882353
0.153846
0.179487
0.119048
0.181818
0.097561
0.122449
0.333333
0.226415
0.285714
0.190476
0.105263
0.347826
0.0666667
0.0666667
0.166667
0.0769231
0.05
0.2
0.208333
0.0869565
0.04
0.266667
0.111111
0.0625
0
0.05
0.15
0.15
0.0714286
0.0588235
0.176471
0.181818
0.315789
0.16
0.12
0.272727
0.142857
0.0689655
0.214286
0.173913
0.181818
0
0.1
0.0344828
0.162162
0.121212
0.15
0.375
0.238095
0.333333
0.0869565
0.176471
0.285714
0.2
0.266667
0.2
0.222222
0.2
0.2
0.173913
0.210526
0.416667
0.285714
0.333333
0.227273
0.347826
0.285714
0.2
0.181818
0.347826
0.34375
0.25
0.210526
0.121212
0.208333
0.205882
0.2
0.242424
0.225
0.258065
0.380952
0.25
0.372549
0.425926
0.425926
0.295455
0.405405
0.292308
0.425287
0.253731
0.376471
0.472222
0.392157
0.369565
0.214286
0.5
0.379747
0.378788
0.358491
0.315789
0.333333
0.448276
0.30303
0.4
0.483871
0.526316
0.5
0.5
0.588235
0.454545
0.421053
0.4375
0.428571
0.5
0.454545
0.545455
0.481481
0.625
0.461538
0.875
0
1
0.7
0.5
0.555556
0
0.5
0.666667
1
0
0
0
0
0
0
0
0
0.5
0.238095
0.5
0.5
1
0.6
0.666667
0.45
0.636364
0.333333
0.2
0.5
0.545455
0.5
0
0.5625
0.444444
0.5625
0.75
0.333333
0.428571
0
0.5
1
1
0.857143
1
1
0
0.5
0
0.666667
0.25
0.2
0.5
0.6
0.75
0.75
1
0.75
1
1
1
0.666667
0.25
0.5
0.333333
0.4
0.846154
0.423077
0.72
0.785714
0.666667
0.513514
0.473684
0.647059
0.466667
0.75
0.6
0.473684
0.3
0.444444
0.5
0.333333
0.5
0.5
0.5
0.4
0
0
0.666667
0.583333
0.571429
0.363636
0.7
0.333333
0.333333
0
0
0
0.5
0.2
0.2
0.222222
