0
0.5
0.866667
0.666667
1
0.777778
0.909091
0.647059
0.9
0.875
0.909091
0.818182
0.666667
0.736842
0.8
0.703704
0.827586
0.631579
0.621622
0.547619
0.62069
0.755102
0.588235
0.514286
0.745455
0.5
0.6
0.645161
0.538462
0.466667
0.511628
0.647059
0.75
0.607843
0.525
0.543478
0.583333
0
0
0.666667
0.6
0.277778
0.68
0.538462
0.416667
0.611111
0.28
0.214286
0.333333
0.428571
0.28125
0.28
0.65
0.578947
0.548387
0.695652
0.615385
0.5
0.136364
0.285714
0.153846
0
0.222222
0.333333
0.25
0.222222
0.5
0
0.454545
0.5
0.666667
0.0714286
0.230769
0.214286
0.4
0.388889
0.5
0.5
0.545455
0.583333
0
0.5
0.272727
0.666667
0.727273
0.428571
0
0
0.428571
0
0.473684
0.461538
0.454545
0.1
0.5
0.307692
0.5
0
0.5
0.285714
0.375
0.6
0
0.333333
0.666667
0.444444
1
0
0.357143
0.833333
0.416667
1
0
0.25
0.555556
0.5
0.8
0.5625
0.9
0.909091
1
0
0
0
1
0.545455
0.363636
1
0.5
0.352941
0.3
0.307692
0.5
0.8
0.75
0.461538
0.25
0.5
0.466667
0.428571
0.538462
0.346154
0.757576
0.611111
0.575
0.526316
0.636364
0.333333
0.5
0.5
0.526316
0.625
0.333333
0.333333
0.536585
0.692308
0.461538
0.619048
0.0909091
0.45
0.304348
0.45
0.387755
0.1875
0.435897
0.285714
0
0
0
0.0909091
0.241379
0.263158
0.333333
0.625
0.466667
0.32
0.512195
0.315789
0.321429
0.333333
0.227273
0.609756
0.307692
0.212121
0.230769
0.289474
0.297297
0.538462
0.25
0.375
0.433333
0.578947
0.439024
0.230769
0.30303
0.625
0.571429
0.583333
0.586207
0.617647
0.551724
0.634615
0.5625
0.5
0.543478
0.578947
0.657895
0.444444
0.642857
0.384615
0.28
0.137931
0.555556
0.8125
0.589744
0.571429
0.595238
0.609756
0.5
0.621622
0.433333
0.414634
0.606061
0.387097
0.333333
0.542857
0.511111
0.358974
0.315789
0.545455
0.418605
0.393939
0.548387
0.488889
0.566667
0.285714
0
0.4
0.538462
0.631579
0.526316
0.433333
0.375
0.142857
0.375
1
0.416667
0
0
0
0
1
0.833333
0
0.857143
1
0
0
0
0
0
0
0
0
0
0
0
0
0.5
0
0
0
0
0
0.916667
0
0
0
0
0
0
0
0
0.647059
0.65
0.5
0
0.375
0.266667
0.285714
0.266667
0.333333
0.333333
0.133333
0.454545
0.333333
0.25
0.294118
0.333333
0.222222
0.294118
0.384615
0.272727
0.375
0.208333
0.461538
0.214286
0.285714
0.21875
0.45
0.472222
0.482759
0.518519
0.675676
0.666667
0
0.25
0.190476
0.222222
0.393443
0.344828
0.285714
0.375
0.25
0.576923
0.32
0.388889
0.34375
0.5
0
0.333333
0.666667
0.333333
0.25
0.217391
0
0.25
0
0.166667
0.166667
0
0.310345
0.6
0
0.047619
0.2
0.125
0.1875
0.166667
0.346154
0.290323
0.321429
0.352941
0.361111
0.4
0.347826
0.377778
0.377778
0.47619
0.351351
0.388889
0.47619
0.475
0.357143
0.583333
0.434783
0.315789
0.375
0.222222
0.375
0.285714
0.410256
0.210526
0.1875
0.0909091
0
0.0666667
0.227273
0.275862
0.0625
0.185185
0.142857
0.466667
0.0555556
0.1875
0.285714
0.333333
0.470588
0.411765
0.315789
0.272727
0.3125
0.388889
0.363636
0.333333
0.2
0.322581
0.333333
0.428571
0.583333
0.571429
0.272727
0.347826
0.307692
0.333333
0.333333
0.294118
0.5
0.466667
0.642857
0.466667
0.565217
0.3
0.416667
0.272727
0.333333
0.291667
0.210526
0.354839
0.45
0.545455
0.409091
0.321429
0.225806
0.230769
0.363636
0.348837
0.24
0.206897
0.153846
0.294118
0.388889
0.236842
0.285714
0.306122
0.291667
0.276596
0.209302
0.263158
0.215385
0.316456
0.537037
0.5
0.363636
0.411765
0.5
0.25
0.413793
0.397059
0.45614
0.37931
0.360656
0.28
0.407407
0.333333
0.344828
0.481481
0.44
0.5
0.538462
0.472222
0.578947
0.5
0.368421
0.533333
0.444444
0.428571
0.588235
0.607143
0.52
0.5
0.529412
0
0.5
0.5
1
0.857143
0
0.5
0.428571
0
0
0
0
0
0
0
0
0
0.5
0.4
1
1
1
1
1
0.684211
0.6
0.375
0.333333
0.75
0.666667
0.470588
0
0.375
0.25
0.428571
0.727273
0.333333
0.333333
0
0.5
0.6
1
0.5
1
0.25
0
0.4
0.5
1
0.666667
0.5
0.666667
0.6
0.666667
1
1
1
1
0.75
1
0.666667
0.2
1
0.5
0.375
0.4375
0.6
0.678571
0.368421
0.615385
0.578947
0.380952
0.5
0.411765
0.5
0.625
0.473684
0.222222
0.333333
0.166667
0.3
0.5
0.5
0.5
0.666667
0
0
0.75
0.454545
0.571429
0.444444
0.5
0.25
0
0
0
0
0.666667
0.4
0.4
0.4
