0
0.5
0.866667
0.666667
1
0.666667
0.818182
0.625
0.9
0.888889
0.909091
0.909091
0.75
0.714286
0.727273
0.607143
0.758621
0.6
0.621622
0.697674
0.71875
0.6
0.608696
0.787879
0.612903
0.522727
0.772727
0.671875
0.716981
0.354839
0.666667
0.529412
0.608696
0.574468
0.631579
0.590909
0.642857
0
0
0.666667
0.681818
0.583333
0.611111
0.5
0.702703
0.764706
0.5
0.416667
0.625
0.608696
0.571429
0.571429
0.586207
0.580645
0.461538
0.578947
0.380952
0.26087
0.210526
0.142857
0.3125
0.333333
0.5
0.588235
0.3
0.6
0.285714
0.333333
0.333333
0.125
0.428571
0.5
0.416667
0.266667
0.285714
0.1
0.6
0.5
0.375
0.375
0
0.666667
0.461538
0.4
0.625
0.222222
0
0
0.461538
0
0.4
0.413793
0.173913
0.0833333
0.333333
0.521739
0.2
0
0
0.4
0.75
0.25
0
0
0.736842
0.5
1
0
0.4
0.4
0.4
0
0
0.380952
0.875
0.444444
0.85
0.473684
0.545455
0.8
0.833333
0
0
0
0.5
0.333333
0.153846
1
0.454545
0.466667
0.416667
0.333333
0.2
0.333333
0.75
0.583333
0.428571
0.416667
0.428571
0.26087
0.111111
0.428571
0.558824
0.457143
0.555556
0.324324
0.44
0.375
0.416667
0.470588
0.411765
0.409091
0.25
0.307692
0.604651
0.583333
0.513514
0.526316
0
0
0
0.390244
0.486842
0.263158
0.578947
0.0526316
0.333333
0
0
0
0
0
0
0
0
0
0
0
0
0
0
0
0
0
0
0
0
0
0
0
0
0
0
0
0
0
0
0
0
0
0
0
0
0
0
0
0
0
0
0
0
0
0
0
0
0
0
0
0
0
0
0
0
0
0
0
0
0
0
0
0
0
0
0
0
0
0
0
0
0
0
0
0
0
0
0
0
0
0
0
0
0
0
0
0
0
0
0
0
0
0
0
0
0
0
0
0
0
0
0
0
0
0
0
0
0
0
0
0
0
0
0
0
0
0
0
0
0
0
0
0
0
0
0
0
0
0
0
0
0
0
0
0
0
0.235294
0.333333
0.318182
0.5
0.428571
0.384615
0.541667
0.45
0.5
0.6
0.363636
0
0.333333
0.210526
0.333333
0.26
0.37037
0.230769
0.176471
0.5
0.44
0.434783
0.258065
0.192308
0.571429
0
0.5
0.833333
0.318182
0.285714
0.5
0.857143
0.5
0.285714
0
0
0.333333
0.310345
0.666667
0
0.238095
0
0.125
0.230769
0.4
0.555556
0.181818
0.357143
0.241379
0.393939
0.222222
0.380952
0.512821
0.418605
0.529412
0.35
0.282051
0.361111
0.368421
0.425
0.44
0.269231
0.130435
0.111111
0.0666667
0.24
0
0.363636
0.15
0.428571
0.333333
0.0714286
0.0769231
0.3
0.346154
0.4375
0.521739
0.192308
0.285714
0.15
0.214286
0.4
0.529412
0.347826
0.45
0.28
0.272727
0.333333
0.235294
0.285714
0.235294
0.178571
0.285714
0.409091
0.647059
0.5
0.611111
0.454545
0.315789
0.444444
0
0.1
0.307692
0.555556
0.5
0.466667
0.461538
0.35
0.0588235
0.333333
0.428571
0.441176
0.529412
0.5625
0.32
0.416667
0.5
0.4375
0.592593
0.484848
0.333333
0.36
0.333333
0.307692
0.291667
0.272727
0.612903
0.444444
0.465116
0.388889
0.309524
0.354167
0.288889
0.268293
0.274194
0.315789
0.478261
0.363636
0.468354
0.363636
0.42
0.315789
0.318182
0.34375
0.373134
0.37037
0.642857
0.453125
0.34
0.484848
0.444444
0.4375
0.5
0.380952
0.588235
0.363636
0.533333
0.368421
0.285714
0.210526
0.357143
0.555556
0.5
0.4
0.541667
0.619048
0.357143
0.705882
0
1
0.571429
1
0.857143
0
0.222222
0.285714
1
0
0
0
0
0
0
0
0.5
0.5
0.5
0.666667
0.857143
0.8
0.6
0.333333
0.681818
0.5625
0.583333
0.714286
0.5
0.636364
0.461538
0
0.642857
0.5
0.785714
0.727273
0.2
0.333333
0
0.6
0.6
0.5
0.2
0.25
0.333333
0
0.5
0
0
1
0
0.5
0
0.333333
0
1
0.666667
0.666667
0.75
1
1
0
0.5
0
0.55
0.642857
0.428571
0.8
0.727273
0.666667
0.576923
0.5
0.551724
0.5
0.5
0.777778
0.590909
0.166667
0.6
0.5
0
0
0
1
0.333333
0
0
0
0.5
0.571429
0.375
0
0
0.333333
0
0
0
0
0.428571
0.444444
0.4
