0
0.5
0.866667
0.666667
0.75
0.8
0.9
0.764706
1
0.916667
0.9
0.9
0.4
0.791667
0.842105
0.642857
0.78125
0.55
0.621622
0.608696
0.617647
0.596154
0.62
0.71875
0.661017
0.478261
0.529412
0.636364
0.526316
0.371429
0.577778
0.636364
0.555556
0.56
0.5625
0.55
0.619048
0
0
1
0.571429
0.333333
0.653846
0.56
0.416667
0.5
0.24
0.322581
0.423077
0.422222
0.3
0.354839
0.322581
0.16129
0.258065
0.352941
0.757576
0.588235
0.407407
0.347826
0.266667
0.272727
0.375
0.6
0.555556
0.666667
0.428571
0.333333
0.363636
0.25
0.571429
0.2
0.4
0.0833333
0.411765
0.304348
0.25
0.4
0.625
0.533333
0
0.428571
0.357143
0.571429
0.888889
0.555556
0.25
0
0.4
0
0.47619
0.296296
0.222222
0.0714286
0.5
0.65
0.25
1
0.333333
0.2
0.625
0.5
0
0.25
0.6875
0.555556
1
0
0.384615
0.8
0.2
0
0.2
0.619048
0.6
0.473684
0.526316
0.636364
0.727273
0.888889
1
0
0
0
0
0.454545
0.214286
0.5
0.153846
0.809524
0.571429
0.473684
0.428571
0
0.666667
0.666667
0.428571
0.583333
0.6
0.357143
0.25
0.565217
0.513514
0.613636
0.377778
0.384615
0.541667
0.4375
0.375
0.411765
0.3125
0.318182
0.314286
0.307692
0.611111
0.692308
0.536585
0.47619
0.153846
0.285714
0.265306
0.325
0.395833
0.16
0.46875
0.142857
0.25
0
0
0.2
0.2
0.382979
0
0.444444
0.230769
0.407407
0.525
0.454545
0.481481
0.44
0.352941
0.517241
0.458333
0.709677
0.259259
0.542857
0.470588
0.333333
0.545455
0.461538
0.585366
0.461538
0.393939
0.142857
0.518519
0.48
0.166667
0.45
0.7
0.5625
0.709677
0.586957
0.54
0.5
0.585366
0.655172
0.5
0.444444
0.736842
0.526316
0.423077
0.344828
0.520833
0.652174
0.772727
0.730769
0.780488
0.711111
0.666667
0.65
0.514286
0.555556
0.588235
0.423077
0.65625
0.65
0.509434
0.434783
0.516129
0.560976
0.521739
0.485714
0.5625
0.479167
0.464286
0.3
0
0.375
0.5
0.470588
0.461538
0.6
0.75
1
0.461538
1
0.9
0
0
0
0
0.666667
1
0
0.857143
1
0
0
0
0
0
0
0
0
0
0
0
0
1
0
0
0
0
0
0.923077
0
0
0
0
0
0
0
0
0.5
0.823529
0.9
0
0.5
0.533333
0.416667
0.428571
0.625
0.307692
0.357143
0.5
0.176471
0.428571
0.285714
0.444444
0.5
0.5
0.214286
0.0952381
0.125
0.15
0.2
0.125
0.473684
0.461538
0.277778
0.580645
0.454545
0.48
0.724138
0.555556
0.25
0.5
0.105263
0.6
0.454545
0.333333
0.285714
0.133333
0.583333
0.48
0.37037
0.333333
0.30303
0.333333
0
1
0.714286
0.214286
0.227273
0.2
0
0
0.1
0
0
0.333333
0.277778
0.428571
0.214286
0.263158
0.2
0.125
0.125
0.166667
0.304348
0.258065
0.384615
0.222222
0.5
0.322581
0.5
0.357143
0.333333
0.25
0.285714
0.236842
0.431818
0.317073
0.357143
0.40625
0.272727
0.163265
0
0.166667
0.433333
0.541667
0.44186
0.2
0.25
0.111111
0.0769231
0.0714286
0.277778
0.433333
0.166667
0.272727
0.259259
0.333333
0.210526
0.117647
0.409091
0.391304
0.433333
0.526316
0.25
0.375
0.352941
0.409091
0.3125
0.432432
0.375
0.351351
0.307692
0.35
0.384615
0.411765
0.272727
0.1875
0.666667
0.4
0.0833333
0.5
0.636364
0.625
0.294118
0.4375
0.4
0.421053
0.4
0.4375
0.266667
0.307692
0.217391
0.214286
0.217391
0.352941
0.44
0.466667
0.257143
0.193548
0.241379
0.325
0.111111
0.192308
0.310345
0.352941
0.304348
0.4
0.21875
0.358974
0.45
0.324324
0.238095
0.313725
0.245614
0.544304
0.563636
0.525641
0.390625
0.479167
0.470588
0.45
0.52
0.446154
0.583333
0.5
0.433333
0.518519
0.516129
0.472222
0.576923
0.592593
0.52
0.68
0.52
0.575758
0.5
0.285714
0.421053
0.533333
0.625
0.416667
0.357143
0.571429
0.818182
0.5
0.666667
0
0.666667
0.75
0.4
0.714286
0
0.222222
0.545455
1
0
0
0
0
0
0
0
0.5
1
0.666667
1
0.666667
1
0.4
0.666667
0.625
0.615385
0.625
1
0.444444
0.727273
0.625
0
0.615385
0.111111
0.384615
0.6
0
0.333333
0
0.6
0.8
0.75
0.666667
1
0.333333
0
0
0
0
0.333333
0.5
0.75
0.5
0.666667
1
0.5
1
0
1
1
0.666667
1
1
0.666667
0.55
0.692308
0.565217
0.75
0.714286
0.642857
0.694444
0.6
0.75
0.526316
0.636364
0.692308
0.666667
0.5
0.714286
0.333333
0.5
0.5
0.5
1
0.8
0
0
1
0.666667
0.5
0.5
0.714286
1
0
0
0
0
0.5
0.857143
0.428571
0.25
