0
0.5
0.866667
0.666667
0.833333
0.8
0.9
0.625
0.9
0.777778
0.909091
0.909091
0.75
0.842105
0.8
0.666667
0.741935
0.6
0.647059
0.744186
0.666667
0.607843
0.702128
0.575758
0.526316
0.512195
0.652174
0.606557
0.647059
0.30303
0.612245
0.428571
0.608696
0.560976
0.609756
0.574468
0.6
0
1
0.666667
0.565217
0.636364
0.526316
0.766667
0.677419
0.631579
0.55
0.518519
0.592593
0.595238
0.484848
0.4375
0.464286
0.555556
0.416667
0.705882
0.315789
0.157895
0.173913
0.266667
0.25
0.285714
0.416667
0.6
0.5
0.857143
0.666667
0.4
0.5
0.444444
0.4
0.3125
0.461538
0.266667
0.333333
0.105263
0.6
0.25
0.625
0.588235
0
0.666667
0.5
0.714286
0.555556
0.4
0
0
0.333333
0
0.333333
0.44
0.294118
0.1
0.461538
0.375
0.2
1
1
0.5
0.25
0
0
0.6
0.6875
0.555556
1
0
0.25
0.333333
0.25
1
0.2
0.421053
0.75
0.5
0.666667
0.421053
0.615385
1
1
0
0
0
0
0.5
0.615385
0.666667
0.588235
0.458333
0.555556
0.4375
0.571429
0.8
0.8
0.642857
0.555556
0.384615
0.363636
0.375
0.733333
0.55
0.655172
0.424242
0.617647
0.416667
0.5
0.631579
0.384615
0.416667
0.153846
0.35
0.25
0.347826
0.609756
0.714286
0.547619
0.55
0
0
0
0
0
0
0
0
0
0
0
0
0
0
0
0
0
0
0
0
0
0
0
0
0
0
0
0
0
0
0
0
0
0
0
0
0
0
0
0
0
0
0
0
0
0
0
0
0
0
0
0
0
0
0
0
0
0
0
0
0
0
0
0
0
0
0
0
0
0
0
0
0
0
0
0
0
0
0
0
0
0
0
0
0
0
0
0
0
0
0
0
0
0
0
0
0
0
0
0
0
0
0
0
0
0
0
0
0
0
0
0
0
0
0
0
0
0
0
0
0
0
0
0
0
0
0
0
0
0
0
0
0
0
0
0
0
0
0
0
0
0
0
0
0.157895
0.428571
0.636364
0.6
0.428571
0.37037
0.458333
0.166667
0.5
0.35
0.4
0.464286
0.25
0
1
0.266667
0.666667
0.5
0.458333
0.230769
0.466667
0.333333
0.833333
0.37037
0.5
0.411765
0.285714
0
0.5
0.666667
0.291667
0.6
0.65
0
0
0.25
0
0
0
0.375
0.916667
0
0.117647
0.2
0
0.142857
0.285714
0.391304
0.241379
0.37037
0.3
0.428571
0.346154
0.571429
0.5
0.44
0.6875
0.272727
0.333333
0.444444
0.375
0.282051
0.545455
0.388889
0.217391
0.111111
0.133333
0.217391
0.277778
0.297297
0.227273
0.153846
0.125
0.230769
0.2
0.391304
0.322581
0.176471
0.2
0.192308
0.25
0.15
0.222222
0.388889
0.421053
0.307692
0.388889
0.28
0.25
0.357143
0.588235
0.222222
0.296296
0.217391
0.189189
0.428571
0.352941
0.666667
0.642857
0.555556
0.411765
0.375
0
0.285714
0.384615
0.5
0.230769
0.4375
0.571429
0.5
0.357143
0.434783
0.5
0.461538
0.368421
0.294118
0.272727
0.333333
0.411765
0.461538
0.411765
0.575758
0.444444
0.16129
0.25
0.354839
0.1875
0.172414
0.428571
0.416667
0.435897
0.4375
0.347826
0.369565
0.355556
0.275
0.326531
0.576271
0.5
0.465517
0.493333
0.515625
0.408163
0.382353
0.333333
0.5
0.585714
0.552239
0.413043
0.403226
0.382979
0.5
0.392857
0.517241
0.583333
0.304348
0.888889
0.583333
0.7
0.588235
0.454545
0.357143
0.538462
0.416667
0.5
0.727273
0.777778
0.72
0.5
0.666667
0
1
0.75
0.5
0.714286
0
0.636364
0.375
0.5
0
0
0
0
0
0
0
1
0.5
0.310345
0.75
0.75
1
0.75
1
0.7
0.666667
0.666667
1
0.777778
0.6875
0.733333
0
0.666667
0.428571
0.538462
0.692308
0.666667
0.5
0
0.666667
1
1
1
0.666667
0
0
0.666667
0.333333
0
0.4
0.5
0.5
0.333333
0.666667
0.666667
1
0.75
1
0.666667
1
0.333333
0.6
0.75
0.5
0.227273
0.4375
0.565217
0.636364
0.666667
0.5
0.516129
0.388889
0.515152
0.769231
0.8
0.8
0.4375
0.375
0.5
0
0.285714
1
0.5
1
0.666667
0
0
0.4
0.4
0.428571
0.444444
0.714286
0
0
0
0
0
0.5
0.545455
0.272727
0.4
