0
0.272727
0.8
0.4
0.5
0.2
1
0.75
0.875
0
0.666667
0.833333
0.428571
0.75
0.8
0.653846
0.653846
0.5
0.625
0.625
0.548387
0.613636
0.545455
0.6
0.714286
0.487805
0.684211
0.673077
0.612245
0.333333
0.666667
0.516129
0.6
0.5
0.526316
0.55
0.5
0
0
1
0.565217
0.545455
0.555556
0.526316
0.518519
0.769231
0.461538
0.478261
0.5
0.485714
0.393939
0.444444
0.454545
0.454545
0.285714
0.466667
0.388889
0.181818
0.190476
0.272727
0.1
0.142857
0.4
0.555556
0.285714
0.5
0.333333
0.285714
0.5
0.666667
0.5
0.5
0.333333
0.2
0.222222
0.176471
0.5
0.555556
0.285714
0.428571
0
0.5
0.571429
0.6
0.8
0.285714
0.333333
0
0.411765
0
0.459459
0.4
0.142857
0.111111
0.333333
0.263158
0.5
1
1
0
0.5
0
0
0.333333
0.529412
0.454545
1
0
0.647059
0.666667
0.111111
0
0.5
0.454545
0.333333
0.473684
0.571429
0.6
0.6
0.875
1
0
0
0
0
0.454545
0.533333
0.5
0.428571
0.263158
0.466667
0.307692
0.428571
1
0
0.444444
0.4
0.375
0.25
0.263158
0.166667
0.1875
0.423077
0.387097
0.366667
0.258065
0.25
0.153846
0
0.0833333
0
0.294118
0.235294
0.416667
0.3125
0.333333
0.5
0.4
0
0
0
0
0
0
0
0
0
0
0
0
0
0
0
0
0
0
0
0
0
0
0
0
0
0
0
0
0
0
0
0
0
0
0
0
0
0
0
0
0
0
0
0
0
0
0
0
0
0
0
0
0
0
0
0
0
0
0
0
0
0
0
0
0
0
0
0
0
0
0
0
0
0
0
0
0
0
0
0
0
0
0
0
0
0
0
0
0
0
0
0
0
0
0
0
0
0
0
0
0
0
0
0
0
0
0
0
0
0
0
0
0
0
0
0
0
0
0
0
0
0
0
0
0
0
0
0
0
0
0
0
0
0
0
0
0
0
0
0
0
0
0
0
0
0
0
0
0.266667
0.272727
0.375
0.166667
0.428571
0.55
0.263158
0.730769
0.4
0
0.333333
0.294118
0.571429
0.553191
0.347826
0.25
0.5
0.555556
0.473684
0.36
0.418605
0.40625
0.142857
0
0
0.5
0.142857
0.444444
0.411765
0.222222
0
0.75
0
0
0.2
0.368421
0.571429
0.181818
0.533333
0
0
0
0
0.380952
0.275862
0.6
0.333333
0.441176
0.3125
0.416667
0.435897
0.466667
0.4375
0.363636
0.288889
0.388889
0.432432
0.302326
0.346154
0.285714
0.340909
0.142857
0.133333
0.285714
0.277778
0.264706
0.25
0.153846
0.125
0.2
0.230769
0.333333
0.310345
0.2
0.391304
0.291667
0.357143
0.105263
0.266667
0.45
0.428571
0.285714
0.428571
0.272727
0.545455
0.533333
0.277778
0.176471
0.266667
0.24
0.1875
0.178571
0.263158
0.3125
0.375
0.4
0.277778
0.416667
0
0.0909091
0.5
0.714286
0.5625
0.5
0.538462
0.4
0.166667
0.388889
0.25
0.464286
0.352941
0.461538
0.269231
0.1875
0.333333
0.25
0.368421
0.241379
0.230769
0.272727
0.25
0.107143
0.166667
0.304348
0.214286
0.3
0.275862
0.1
0.361111
0.305556
0.205128
0.2
0.261905
0.380952
0.428571
0.270833
0.42029
0.278689
0.311111
0.290323
0.2
0.448276
0.377049
0.354167
0.225
0.327586
0.324324
0.375
0.3
0.428571
0.24
0.25
0.526316
0.388889
0.56
0.611111
0.461538
0.3125
0.416667
0.230769
0.166667
0.3
0.73913
0.6
0.6
0.5
1
1
0.444444
0.4
0.428571
0
0.444444
0.166667
1
0
0
0
0
0
0
0
0.5
0.666667
0.25
0.5
0.428571
0.666667
0.25
0.5
0.444444
0.533333
0.333333
1
0.166667
0.625
0.272727
0
0.75
0.285714
0.636364
0.777778
0.333333
0.75
0
1
0.666667
1
1
1
1
0
0.666667
0
0
0.333333
0
0.333333
0.333333
0.666667
1
0.5
1
0
0.5
1
0.333333
0.5
1
0.5
0.411765
0.666667
0.409091
0.666667
0.636364
0.416667
0.481481
0.214286
0.357143
0.363636
0.555556
0.285714
0.47619
0.333333
0.375
0.25
0.333333
0
0
0
1
0
0
0.5
0.4
0.5
0.3
0.333333
0
0
0
0
0
0
0.2
0.222222
0
