0
0.272727
0.8
0.4
0.5
0.25
1
0.75
0.875
0
0.75
0.833333
0.571429
0.8125
0.833333
0.62963
0.730769
0.625
0.645161
0.538462
0.4375
0.568182
0.585366
0.588235
0.617021
0.431818
0.555556
0.627119
0.482759
0.290323
0.510638
0.653846
0.588235
0.651163
0.516129
0.477273
0.714286
0
0.5
0.666667
0.647059
0.5
0.625
0.538462
0.333333
0.428571
0.157895
0.333333
0.318182
0.257143
0.235294
0.304348
0.190476
0.142857
0.291667
0.5
0.363636
0.4375
0.111111
0.266667
0.111111
0
0.6
0.727273
0.272727
0.444444
0.25
0.333333
0.5
0
0.666667
0.583333
0.4375
0.266667
0.230769
0.181818
0.75
0.333333
0.307692
0.375
0
0.75
0.266667
0.666667
0.8
0.333333
0
0
0.285714
0
0.459459
0.333333
0.26087
0.0909091
0.4
0.294118
0
1
0.5
0.25
0.5
0
0
0.666667
0.666667
0.478261
1
0
0.357143
0.666667
0.153846
0.5
0
0.6
0.5
0.4
0.416667
0.4
0.555556
0.625
1
0
0
0
0
0.5
0.6875
1
0.2
0.181818
0.444444
0.416667
0.5
1
0
0.0909091
0.666667
0.0833333
0.333333
0.272727
0.111111
0.157895
0.217391
0.34375
0.40625
0.461538
0.409091
0.272727
0.375
0.285714
0.0769231
0.25
0.30303
0.347826
0.46875
0.727273
0.576923
0.416667
0.4
0.416667
0.361702
0.394737
0.333333
0.166667
0.36
0.133333
0
0
0
0
0.0769231
0.311111
0
0.428571
0.2
0.428571
0.214286
0.194444
0.28
0.333333
0.142857
0.277778
0.136364
0.28125
0
0.28125
0.25
0.307692
0.388889
0.325
0.285714
0.135135
0.235294
0.162162
0.214286
0.285714
0.285714
0.208333
0.428571
0.272727
0.555556
0.380952
0.25641
0.390244
0.368421
0.416667
0.333333
0.294118
0.735294
0.45
0.409091
0.222222
0.564103
0.55
0.658537
0.636364
0.543478
0.684211
0.605263
0.657143
0.633333
0.461538
0.535714
0.36
0.269231
0.515152
0.4
0.195122
0.53125
0.388889
0.486486
0.464286
0.681818
0.545455
0.354839
0.0833333
0
0.611111
0.333333
0.176471
0.333333
0.214286
0.111111
0.8
0.352941
0.5
0.285714
0
0
0
0
1
0.8
0
1
1
0
0
0
0
0
0
0
0
0
0
0
0
1
0
0
0
0
0
0.846154
0
0
0
0
0
0
0
0
0.615385
0.333333
0.333333
0
0.444444
0.428571
0.285714
0.214286
0.571429
0.222222
0.266667
0.2
0.0714286
0.125
0.117647
0.222222
0.2
0.375
0.363636
0
0.3
0.227273
0.428571
0.269231
0.0952381
0.0769231
0
0.285714
0.266667
0.166667
0.452381
0.307692
0.166667
0.5
0.352941
0.454545
0.322034
0.214286
0.346154
0.315789
0.25
0.321429
0.424242
0.37037
0.325
0.272727
0
0.333333
0.428571
0.233333
0.368421
0.304348
0.111111
0.5
0
0
0
0
0.142857
0.5
0.0833333
0.111111
0.25
0.3
0.0833333
0.375
0.275862
0.21875
0.357143
0.225806
0.4375
0.310345
0.344828
0.512195
0.333333
0.478261
0.268293
0.315789
0.358974
0.351351
0.205882
0.318182
0.272727
0.214286
0.111111
0
0.275862
0.166667
0.40625
0.238095
0.0714286
0.111111
0.0714286
0.266667
0.35
0.4
0.117647
0.318182
0.0769231
0.363636
0.263158
0.2
0.235294
0.5
0.473684
0.5
0.318182
0.214286
0.428571
0.421053
0.461538
0.307692
0.4
0.264706
0.214286
0.272727
0.363636
0.25
0.3
0.2
0.363636
0
0.142857
0.357143
0.222222
0.461538
0.461538
0.5
0.375
0.3
0.357143
0.3
0.387097
0.111111
0.210526
0.111111
0.238095
0.294118
0.2
0.3
0.28
0.0909091
0.15
0.354839
0.2
0.111111
0.230769
0.258065
0.173913
0.322581
0.107143
0.333333
0.194444
0.243243
0.171429
0.357143
0.326923
0.402597
0.416667
0.485714
0.309091
0.354167
0.333333
0.368421
0.434783
0.451613
0.354167
0.377778
0.365385
0.354167
0.535714
0.451613
0.52
0.555556
0.411765
0.47619
0.5
0.5
0.428571
0.6875
0.333333
0.571429
0.4
0.555556
0.5
0.608696
0.590909
0.5
0.416667
0
1
0.8
0.2
0.571429
0
0.4
0.428571
1
0
0
0
0
0
0
0
1
0.333333
0.363636
0.75
0.625
1
0.4
1
0.636364
0.631579
0.2
1
0.5
0.6
0.416667
0
0.636364
0.5
0.555556
0.857143
0.333333
0.666667
0
0.5
0.4
0.333333
0.666667
1
0.5
0
1
0
0
0.333333
0.25
0.6
0.333333
0.666667
1
0.5
1
0
1
1
0.5
0.333333
0
0
0.4
0.3
0.409091
0.833333
0.75
0.555556
0.483871
0.416667
0.608696
0.3
0.428571
0.333333
0.55
0
0.666667
1
0.5
0
0
0
0.75
1
0
0.5
0.444444
0.8
0.571429
0.5
0
0
0
0
0
0
0.5
0.285714
0.555556
