0
0.25
0.8
0.4
0.5
0.2
1
0.75
0.857143
0.666667
0.5
0.75
0.428571
0.875
0.833333
0.62069
0.576923
0.526316
0.545455
0.421053
0.419355
0.578947
0.520833
0.541667
0.666667
0.4
0.473684
0.578947
0.590909
0.344828
0.47619
0.758621
0.588235
0.714286
0.606061
0.525
0.535714
0
0
0.666667
0.631579
0.333333
0.529412
0.571429
0.473684
0.571429
0.25
0.5
0.518519
0.545455
0.266667
0.44
0.428571
0.304348
0.28
0.529412
0.166667
0.176471
0.125
0.0714286
0
0
0
0.363636
0.375
0.25
0
0.285714
0.333333
0.6
0.333333
0.4
0.266667
0.333333
0.111111
0.153846
0.333333
0.5
0.4375
0.4
0
0.428571
0.615385
0.625
0.5
0.25
0.5
0
0.692308
0
0.47619
0.541667
0.35
0.1
0.444444
0.25
0
1
0.5
0.333333
0.166667
0.333333
0
0.4
0.65
0.375
1
0
0.272727
0.6
0
0.5
0.25
0.461538
0.5
0.47619
0.470588
0.411765
0.4
0.5
0.666667
0
0
1
0.5
0.4
0.357143
0.5
0.294118
0.166667
0.333333
0.285714
0.5
0
0
0.375
0.4
0.222222
0.4
0.2
0.5
0.166667
0.518519
0.535714
0.5
0.322581
0.235294
0.5
0
0.222222
0
0.461538
0.2
0.111111
0.378378
0.666667
0.526316
0.533333
0
0
0.204545
0.361111
0.438596
0.285714
0.347826
0
0
0
0
0
0.233333
0.230769
0
0
0.285714
0.291667
0.255814
0.184211
0.26087
0.222222
0.272727
0.266667
0.258065
0.142857
0.166667
0
0
0
0
0
0
0
0
0
0
0
0
0
0
0
0
0
0
0
0
0
0
0
0
0
0
0
0
0
0
0
0
0
0
0
0
0
0
0
0
0
0
0
0
0
0
0
0
0
0
0
0
0
0
0
0
0
0
0
0
0
0
0
0
0
0
0
0
0
0
0
0
0
0
0
0
0
0
0
0
0
0
0
0
0
0
0
0
0
0
0
0
0
0
0
0
0
0
0
0
0
0
0
0
0
0
0
0
0
0
0
0
0
0
0
0
0
0
0
0
0.285714
0.217391
0.3
0.478261
0
0.666667
0.222222
0.4
0.44
0.25
0
0
0.4
0.6
0.391304
0.416667
0.133333
0.25
0.4
0.391304
0.222222
0.282051
0.12
0.6
0
1
0.625
0.285714
0.333333
0.529412
0
1
0.25
1
0.666667
0.25
0.416667
0.666667
0.5
0.277778
0.5
0.25
0.375
0.375
0.32
0.290323
0.483871
0.258065
0.461538
0.314286
0.423077
0.525
0.428571
0.352941
0.3125
0.285714
0.414634
0.416667
0.294118
0.454545
0.307692
0.384615
0.166667
0.125
0.266667
0.176471
0.289474
0.4
0.0769231
0.333333
0.2
0.230769
0.291667
0.321429
0.166667
0.434783
0.192308
0.428571
0.117647
0.0666667
0.388889
0.529412
0.434783
0.470588
0.263158
0.230769
0.3125
0.5
0.3125
0.315789
0.346154
0.297297
0.333333
0.266667
0.266667
0.5
0.444444
0.421053
0.6
0.142857
0.285714
0.5
0.75
0.529412
0.388889
0.6
0.473684
0.272727
0.555556
0.285714
0.304348
0.166667
0.235294
0.24
0.25
0.352941
0.315789
0.217391
0.178571
0.148148
0.173913
0.375
0.269231
0.0714286
0.166667
0.333333
0.190476
0.315789
0.225806
0.307692
0.35
0.317073
0.230769
0.375
0.294118
0.385714
0.543478
0.351351
0.290909
0.372093
0.392857
0.333333
0.461538
0.344262
0.3
0.204545
0.375
0.276596
0.5
0.375
0.375
0.448276
0.4
0.608696
0.541667
0.441176
0.578947
0.4
0.333333
0.461538
0.214286
0.375
0.5
0.62069
0.73913
0.3
0.666667
0
0.75
0.857143
0
1
0
0.222222
0.571429
1
0
0
0
0
0
0
0
0
1
0.347826
0.666667
0.5
1
0.666667
0.333333
0.538462
0.515152
0.666667
0.5
0.6
0.222222
0.416667
0
0.5
0.625
0.545455
0.714286
0.666667
0.333333
0
0.666667
0.5
0
0.5
1
1
0
0.5
0
0
0.5
0.5
0.75
0.5
0.333333
0.5
1
0.5
0
0
1
0.333333
0
0.75
0
0.375
0.352941
0.392857
0.44
0.692308
0.5
0.459459
0.272727
0.5
0.277778
0.181818
0.466667
0.535714
0.5
0.571429
0
0.333333
0.5
1
0.5
0.75
1
0
0.75
0.75
0.375
0.5
0.555556
0.666667
0.666667
0
0
0.5
0.8
0.7
0.333333
0.571429
