0
0.272727
0.8
0.4
0.5
0.25
0.8
0.818182
0.875
0.5
0.666667
0.833333
0.571429
0.8125
0.736842
0.62963
0.740741
0.444444
0.606061
0.625
0.5
0.6
0.55
0.678571
0.595238
0.515152
0.736842
0.608696
0.55102
0.25
0.707317
0.484848
0.444444
0.571429
0.515152
0.555556
0.346154
0
0
0.666667
0.545455
0.5
0.588235
0.578947
0.434783
0.642857
0.48
0.37037
0.434783
0.425
0.354839
0.366667
0.307692
0.384615
0.291667
0.6
0.294118
0.2
0.333333
0.117647
0.181818
0.333333
0.375
0.666667
0.428571
0.666667
0.428571
0.333333
0.375
0.333333
0.6
0.0714286
0.5
0.25
0.166667
0.125
0.5
0.461538
0.357143
0.611111
0
0.25
0.388889
0.6
0.636364
0.5
0.8
0
0.375
0
0.653061
0.5
0.304348
0.0666667
0.25
0.375
0.25
0
0.333333
0.25
0.4
0.25
0
0
0.647059
0.4375
0
0
0.461538
0.5
0.2
0
0.142857
0.421053
0.555556
0.294118
0.3125
0.4
0.5
0.625
0.833333
0
0
0
1
0.5
0.416667
0
0.285714
0.363636
0.333333
0.375
0.666667
0.333333
0.25
0.454545
0.666667
0.266667
0.5
0.28
0.0909091
0.181818
0.304348
0.314286
0.483871
0.586207
0.5
0.384615
0.428571
0.461538
0.384615
0.307692
0.333333
0.28
0.459459
0.416667
0.636364
0.611111
0
0
0
0
0
0
0
0
0
0
0
0
0
0
0
0
0
0
0
0
0
0
0
0
0
0
0
0
0
0
0
0
0
0
0
0
0
0
0
0
0
0
0
0
0
0
0
0
0
0
0
0
0
0
0
0
0
0
0
0
0
0
0
0
0
0
0
0
0
0
0
0
0
0
0
0
0
0
0
0
0
0
0
0
0
0
0
0
0
0
0
0
0
0
0
0
0
0
0
0
0
0
0
0
0
0
0
0
0
0
0
0
0
0
0
0
0
0
0
0
0
0
0
0
0
0
0
0
0
0
0
0
0
0
0
0
0
0
0
0
0
0
0
0
0
0
0
0
0.238095
0.444444
0.47619
0.461538
0.541667
0.529412
0.3
0.608696
0.444444
0
0.333333
0.333333
0.666667
0.454545
0.45
0.333333
0.5
0.666667
0.642857
0.363636
0.4
0.478261
0.583333
0
0.666667
0.857143
0.352941
0.25
0.230769
0.333333
0
0.714286
0.2
0.333333
0.333333
0.428571
0.444444
0.1
0.5
0
0
0.333333
0.285714
0.384615
0.2
0.571429
0.3125
0.472222
0.228571
0.434783
0.414634
0.348837
0.5
0.314286
0.341463
0.388889
0.388889
0.236842
0.3
0.222222
0.195122
0
0.0526316
0.233333
0.15
0.289474
0.238095
0.2
0.125
0.181818
0.133333
0.227273
0.285714
0
0.318182
0.26087
0.230769
0.235294
0.214286
0.444444
0.235294
0.173913
0.4
0.380952
0.357143
0.428571
0.411765
0.235294
0.457143
0.172414
0.325
0.352941
0.473684
0.625
0.473684
0.384615
0.5
0.615385
0.142857
0.222222
0.333333
0.666667
0.5
0.428571
0.4
0.45
0.235294
0.421053
0.25
0.32
0.25
0.111111
0.107143
0.26087
0.176471
0.2
0.173913
0.266667
0.115385
0.230769
0.45
0.310345
0.222222
0.30303
0.263158
0.259259
0.314286
0.344828
0.230769
0.333333
0.236842
0.25
0.4
0.266667
0.356164
0.446809
0.3875
0.365079
0.439024
0.266667
0.388889
0.478261
0.366667
0.283019
0.348837
0.320755
0.25641
0.428571
0.363636
0.375
0.5
0.333333
0.454545
0.45
0.470588
0.444444
0.428571
0.263158
0.4
0.416667
0.4
0.454545
0.607143
0.333333
0.333333
0.5
0
0.666667
0.75
0
0.571429
0
0.4
0.6
1
0
0
0
0
0
0
0
1
1
0.52381
1
0.8
1
1
1
0.3
0.565217
0.714286
1
0.444444
0.545455
0.538462
0
0.583333
0.285714
0.615385
0.583333
0.4
0.2
0
1
0.6
1
1
1
0.5
0
1
0.333333
0
0.25
0.5
0.8
0.25
0.75
0.5
0.5
0.666667
0
0.333333
1
0.5
0.4
0.4
0.5
0.388889
0.357143
0.464286
0.478261
0.416667
0.461538
0.588235
0.47619
0.482759
0.1875
0.363636
0.4375
0.571429
0
0.428571
0
0.5
0
1
1
1
0
0.5
1
0.333333
0.142857
0.444444
0.5
0
0
0
0
0
0.5
0.6
0.375
0.285714
