0
0.272727
0.8
0.4
0.5
0.333333
1
0.818182
0.875
0
0.75
0.833333
0.571429
0.833333
0.888889
0.615385
0.724138
0.411765
0.580645
0.636364
0.516129
0.666667
0.538462
0.647059
0.555556
0.404762
0.761905
0.634615
0.518519
0.419355
0.581395
0.633333
0.619048
0.534884
0.514286
0.472222
0.347826
0
0
0.5
0.869565
0.5
0.208333
0.428571
0.357143
0.461538
0.407407
0.518519
0.535714
0.536585
0.414634
0.645161
0.703704
0.407407
0.4
0.545455
0.47619
0.272727
0.173913
0.166667
0.0909091
0.125
0.4
0.428571
0.142857
0.166667
0.5
0.166667
0.166667
0
0.25
0.75
0.125
0.111111
0.1
0.153846
0.2
0.625
0.222222
0.181818
0
0.25
0.461538
0.333333
0.5
0.166667
0.333333
0
0.588235
0
0.414634
0.434783
0.136364
0.0909091
0.444444
0.181818
0
1
0.5
0.2
0.2
0.333333
0
0.666667
0.571429
0.416667
0
0
0.166667
0.6
0.0909091
0
0
0.533333
0.625
0.458333
0.5
0.45
0.545455
0.75
0.833333
0
0
1
0
0.5
0.307692
1
0.466667
0.3125
0.454545
0.230769
0.5
0.5
0
0.416667
0.333333
0.5
0.25
0.315789
0
0.391304
0.5
0.352941
0.314286
0.28125
0.227273
0.0714286
0
0
0.0769231
0.15
0.129032
0.363636
0.419355
0.4
0.551724
0.384615
0
0
0
0
0
0
0
0
0
0
0
0
0
0
0
0
0
0
0
0
0
0
0
0
0
0
0
0
0
0
0
0
0
0
0
0
0
0
0
0
0
0
0
0
0
0
0
0
0
0
0
0
0
0
0
0
0
0
0
0
0
0
0
0
0
0
0
0
0
0
0
0
0
0
0
0
0
0
0
0
0
0
0
0
0
0
0
0
0
0
0
0
0
0
0
0
0
0
0
0
0
0
0
0
0
0
0
0
0
0
0
0
0
0
0
0
0
0
0
0
0
0
0
0
0
0
0
0
0
0
0
0
0
0
0
0
0
0
0
0
0
0
0
0
0
0
0
0
0
0.473684
0.391304
0.461538
0.428571
0.3
0.391304
0.5
0.416667
0
1
0.352941
0.333333
0.340426
0.416667
0.142857
0.666667
0.666667
0.458333
0.416667
0.372093
0.371429
0.3
0
0
0.75
0.047619
0.277778
0.315789
0.25
0
0
0.333333
0
1
0.451613
1
0
0
0.333333
0.333333
0.166667
0.285714
0.26087
0.37037
0.269231
0.25
0.484848
0.3
0.545455
0.463415
0.361702
0.4
0.210526
0.465116
0.380952
0.305556
0.243902
0.307692
0.227273
0.181818
0
0.263158
0.321429
0.105263
0.297297
0.318182
0.363636
0.111111
0.0666667
0.0833333
0.380952
0.333333
0.176471
0.272727
0.0833333
0.545455
0.105263
0.25
0.352941
0.4
0.269231
0.5
0.222222
0.333333
0.315789
0.3
0.166667
0.277778
0.266667
0.277778
0.258065
0.25
0.4
0.470588
0.545455
0.227273
0.6
0
0
0.25
0.5
0.235294
0.133333
0.25
0.47619
0.388889
0.375
0.222222
0.178571
0.111111
0.15
0.111111
0.190476
0.333333
0.235294
0.333333
0.25
0.0384615
0.190476
0.228571
0.310345
0.225806
0.137931
0.205882
0.12
0.257143
0.117647
0.317073
0.363636
0.2
0.162162
0.27451
0.375
0.4
0.37037
0.484375
0.446429
0.4
0.264706
0.333333
0.423077
0.373134
0.303571
0.404762
0.344828
0.340426
0.357143
0.28125
0.37931
0.5
0.631579
0.55
0.571429
0.517241
0.625
0.416667
0.5
0.583333
0.444444
0.571429
0.384615
0.586207
0.636364
0.384615
0.75
1
1
0.444444
0
0.428571
0
0.454545
0.25
1
0
0
0
0
0
0
0
0.333333
0.75
0.535714
0.8
0.555556
0.8
0.4
0.5
0.444444
0.566667
0.666667
0.6
0.5
0.272727
0.384615
0
0.583333
0.7
0.2
0.75
0.5
0.5
0
0.666667
1
0.2
0.5
1
0.666667
0
0.5
0
0
1
0.2
0
0
0.5
0
0
0
0
0
0
0.5
0
0.75
0
0.545455
0.333333
0.517241
0.5
0.615385
0.285714
0.578947
0.45
0.486486
0.411765
0.222222
0.666667
0.666667
0.333333
0.2
0
0.25
0.333333
1
0.5
0.5
0
0
0.666667
0.444444
0.333333
0.571429
0.75
0
0
0
0
0.5
0.75
0.5
0.2
0.25
