0
0.25
0
0
0
0.5
0.666667
1
0.923077
0.933333
0.375
0.7
0.333333
0.75
0.888889
0.714286
0.6
0.571429
0.75
0.727273
0.833333
0.625
0.6875
0.642857
0.588235
0.5
0.533333
0.772727
0.625
0.666667
0.444444
0.357143
0.545455
0.538462
0.631579
0.428571
0.647059
0.444444
0.565217
0.666667
0.75
0.782609
0.55
0.307692
0.25
0.6875
0.461538
0.592593
0.576923
0.772727
0.583333
0.714286
0.684211
0.5
0.444444
0.444444
0.409091
0.555556
0.454545
0.333333
0.272727
0.6
0.625
0.75
0.8
0.7
0.9
0.705882
0.8
1
0.857143
0.818182
1
0.75
1
0.636364
0.857143
0.5
0.5
0.666667
0.9
0.5
0.8
0.545455
0.5
0.5
0.333333
0.4
0.857143
0.8
0.555556
0.375
0.5
0.6
0.75
0.545455
0.6
0.428571
0.5
0.777778
0.666667
1
0.25
0.666667
0.571429
0.666667
0.5
0.666667
0.5
0.466667
0.571429
0.4
0.307692
0.333333
0.454545
0.571429
0.727273
0.3
0.272727
0.384615
0.8
0.631579
0.545455
0.333333
0.333333
0.333333
0.2
0.411765
0.3
0.555556
0.52381
0.6
0.625
0.538462
0.555556
0.833333
0.631579
0.444444
0.392857
0.606061
0.571429
0.681818
0.666667
0.6
0.666667
0.461538
0.444444
0.615385
0.555556
0.5
0.4
0.333333
0.333333
0.3125
0.571429
0.5
0.6
0.545455
0.555556
0.642857
0.611111
0.818182
0.785714
0.727273
0.655172
0.791667
0.705882
0.533333
0.578947
0.416667
0.631579
0.6
0.555556
0.647059
0.826087
0.666667
0.619048
0.611111
0.888889
0.52381
0.5
0.555556
0.6
0.533333
0.466667
0.56
0.434783
0.652174
0.555556
0.538462
0.578947
0.666667
0.625
0.578947
0.733333
0.875
0.578947
0.384615
0.529412
0.736842
0.333333
0.666667
0.363636
0.8
0.833333
0.625
0.6
0.5
0.571429
0.6
0.8
0.5
0.6
0
0.5
0.5
1
0.333333
0.571429
0.384615
0.5
0.2
0.571429
0.636364
0.727273
0.5
0.4
0.714286
0.307692
0.6
0.636364
0.636364
0.25
0
0.333333
0.5
0.5
0.125
0.5
0.5
0.333333
0.571429
0
0
0
0
0
0.333333
0
0
0
0.166667
0.142857
0.363636
0.6
0.272727
0.142857
0.75
0
0.6
0.333333
0.75
0
0.2
0.333333
0.285714
0.333333
0.125
0.25
0.230769
0.153846
0.266667
0.352941
0.142857
0.375
0.142857
0.142857
0.166667
0.142857
0.2
0.533333
0.571429
0.444444
0.375
0.444444
0.444444
0.222222
0.636364
0.583333
0.25
0.333333
0.545455
0.428571
0.3
0.272727
0.166667
0.142857
0.3
0.142857
0.333333
0.5
0.4
0.2
1
0.142857
0.0909091
0.166667
0
0.142857
0.375
0
0.25
0.25
0.4
0.375
0.5
0.7
0.625
0.5
0.538462
0.571429
0.551724
0.486486
0.388889
0.5
0.526316
0.4
0.526316
0.5625
0.5
0.714286
0.413793
0.47619
0.541667
0.5625
0.55
0.5
0.4
0.375
0.25
0.333333
0.368421
0.315789
0.294118
0.3
0.26087
0.3125
0.357143
0.333333
0.352941
0.416667
0.346154
0.352941
0.551724
0.393939
0.363636
0.454545
0.47619
0.347826
0.411765
0.3125
0.56
0.590909
0.304348
0.409091
0.3125
0.5
0.5
0.511628
0.567568
0.4375
0.5
0.444444
0.636364
0.565217
0.37037
0.3
0.357143
0.545455
0.5
0.3
0.538462
0.538462
0.272727
0.307692
0.344828
0.357143
0.432432
0.538462
0.463415
0.466667
0.583333
0.555556
0.371429
0.421053
0.5
0.48
0.571429
0.354839
0.5
0.5625
0.5
0.571429
0.307692
0.555556
0.611111
0.708333
0.5
0.571429
0.52381
0.647059
0.52381
0.55
0.6
0.588235
0.4375
0.4
0.6
0.583333
0.655172
0.533333
0.6
0.5
0.5
0.428571
0.416667
0.653846
0.555556
0.6
0.5625
0.5
0.6
0.466667
0.4375
0.6
0.538462
0.4
0.416667
0.473684
0.444444
0.684211
0.842105
0.75
0.75
0.777778
0.5
0.571429
0.611111
0.571429
0.6
0.555556
0.7
0.555556
0.619048
0.5
0.578947
0.555556
0.4
0.529412
0.357143
0.363636
0.272727
0.5
0.2
0.4
0.25
0
0.4
0.166667
0.166667
0.2
0.555556
0.529412
0
1
0.666667
0.416667
0.5
0.692308
0.538462
0.6
0.5
0.375
0.56
0.478261
0.5
0.47619
0.363636
0.277778
0.333333
0.652174
0.684211
0.636364
0.625
0.55
0.769231
0.611111
0.666667
0.666667
0.652174
0.466667
0.5
0.3
0.25
0.35
0.291667
0.333333
0.4
0.2
0.466667
0.48
0.5
0.307692
0.217391
0.166667
0.363636
0.545455
0.608696
0.56
0.692308
0.7
0.555556
0.478261
0.5
0.466667
0.285714
0.538462
0.285714
0.454545
0.388889
0.482759
0.481481
0.526316
0.344828
0.333333
0.363636
0.333333
0.3
0.458333
0.423077
0.363636
0.27027
0.264706
0.333333
0.348837
0.325
0.25
0.318182
0.285714
0.347826
0.333333
0.307692
0.375
0.333333
0.435897
0.393939
0.269231
0.272727
0.466667
0.34375
0.473684
0.431818
0.333333
0.392157
0.294118
0.368421
0.6
0.472222
0.404762
0.425926
0.37931
0.47619
0.642857
0.136364
0.416667
0.473684
0.404762
0.481481
0.393939
0.344828
0.285714
0.25
0.666667
0.4375
0.512195
0.5
0.405405
0.28
0.465116
0.333333
0.375
0.45
0.5
0.384615
0.46875
0.46875
0.434783
0.466667
0.391304
0.352941
0.342857
0.354839
0.241379
0.371429
0.419355
0.44
0.416667
0.24
0.407407
0.275862
0.363636
0.424242
0.425
0.230769
0.384615
0.333333
0.375
0.578947
0.25
0.35
0.533333
0.347826
0.222222
0.318182
0.3
0.333333
0.458333
0.375
0.333333
0.333333
0.357143
0.384615
0.461538
0.3125
0.3
0.333333
0.214286
0.111111
0.411765
0.777778
0.375
0.571429
0.428571
0.818182
0.615385
0.5
0.3125
0.26087
0.411765
0.32
0.382353
0.238095
0.333333
0.5
0.36
0.416667
0.277778
0.26087
0.392857
0.44
0.428571
0.444444
0.419355
0.296296
0.545455
0.459459
0.388889
0.405405
0.235294
0.347826
0.333333
0.444444
0.391304
0.393939
0.294118
0.421053
0.478261
0.46875
0.575758
0.473684
0.47619
0.516129
0.46875
0.482759
0.461538
0.428571
0.55
0.441176
0.416667
0.454545
0.285714
0.432432
0.5
0.461538
0.458333
0.5
0.619048
0.4
0.586207
0.481481
0.6875
0.454545
0.666667
0.571429
0.5
0.466667
0.6
0.5
0.5
0.45
0.545455
0.4
0.571429
0.466667
0.473684
0.392857
0.571429
0.666667
0.888889
0.615385
0.294118
0.416667
0.5
1
0.428571
0.571429
0.2
0.214286
0.1
0.666667
0
0.25
0.25
0
0
0
0
0
0.333333
0.333333
0.25
0.533333
0.181818
0.5
0
0.25
0
0.5
0
0.4
0.5
0.5
0.333333
0.333333
0.571429
0.527778
0
0.444444
0.5
0.4
0.363636
0.0714286
0.307692
0.4
0.5
0.333333
0.5
0.514706
0.479167
0.5
0.435897
0.478261
0.5
0.578947
0.419355
0.5
0.363636
0.3
0.0769231
0.2
0.421053
0.363636
0.3
0.325581
0.1
0.333333
0.5
0.5
0.44
0.636364
0.473684
0.636364
0.461538
0.4
0.470588
0.388889
0.461538
0.384615
0.416667
0.615385
0.8
0.5
0.48
0.6
0.454545
0.565217
0.291667
0.3
0.555556
0.3
0.625
0.3
0.4
0.285714
0.333333
0.266667
0.384615
0.636364
0.478261
0.470588
0.384615
0.409091
0.392857
0.6
0.37931
0.368421
0.25
0.190476
0.25
0
0.214286
0
0.388889
0.4
0.47619
0
0.5
0.416667
0.5
0.461538
0.425532
0.692308
0.285714
0.565217
0.590909
0.5
0.28
0.375
0.285714
0.386364
0
0.473684
0.368421
0.302326
0.333333
0.423077
0.388889
0.510638
0.75
0.8
0.586207
0.5
0.628571
0.307692
0.68
0.555556
0.583333
0.44
0.391304
0.404762
0.5
0.45
0.428571
0.521739
0.45
0.521739
0.384615
0.428571
0.347826
0.5
0.666667
0.444444
0.3125
0.5
0.590909
0.25
0.26087
0.5
0.34375
0.428571
0.333333
0.583333
0.5
0.297297
0.45
0.545455
0.575758
0.407407
0.351351
0.5
0.40625
0.28125
0.323529
0.37037
0.363636
0.5
0.333333
0.37931
0.4
0.25
0.37037
0.461538
0.375
0.5
0.428571
0.307692
0.666667
0.764706
0.777778
0.75
0.666667
0.333333
0.590909
0.565217
0.333333
0.4375
0.571429
0.526316
0.62963
0.571429
0.4375
0.571429
0.465517
0.631579
0.391304
0.5
0.357143
0.307692
0.535714
0.439024
0.541667
0.5
0.535714
0.45
0.653846
0.615385
0.53125
0.575758
0.634146
0.526316
0.525
0.661972
0.46875
0.68
0.634615
0.69697
0.727273
0.568182
0.627907
0.638889
0.607143
0.555556
0.459459
0.652174
0.478261
0.378378
0.578947
0.6
0.75
0.458333
0.761905
0.470588
0.703704
0.6875
0.585366
0.673077
0.719298
0.625
0.64
0.6875
0.636364
0.588235
0.352941
0.888889
0.363636
0.333333
0.580645
0.695652
0.714286
0.7
0.818182
0.761905
0.916667
0.545455
0.684211
0.615385
0.666667
0.8
0.619048
0.642857
0.588235
0.428571
0.611111
0.428571
0.666667
0.333333
0.571429
0.142857
0.2
0
0
0.444444
0
0.5
0.75
0.714286
0.444444
0.555556
0.222222
0.444444
0.428571
0.416667
0.545455
0.6
0.5
0.357143
0.333333
0.555556
0
0.444444
0.307692
0.333333
0.5
0.631579
0.142857
0.25
0.4
0.384615
0.594595
0.6
0
0.638889
0
0.222222
0
0.0909091
0.111111
0.444444
0.3
0
0
0.0714286
0.222222
0.64
0.44
0.529412
0.458333
0.666667
0.5
0.428571
0.4
0.666667
0.769231
0.588235
0.380952
0.421053
0.6
0.75
0.526316
0.583333
0.3125
0.666667
0.5
0.666667
0.416667
0.521739
0.538462
0.4
0.5
0.466667
0.619048
0.5
0.333333
0.304348
0.384615
0.266667
0.4375
0.4
0.454545
0.65
0.466667
0.5
0.272727
0.571429
0.538462
0.444444
0.695652
0.47619
0.263158
0.411765
0.6875
0.55
0.368421
0.5
0.428571
0.555556
0.44
0.363636
0.555556
0.631579
0.545455
0.409091
0.48
0.45
0.666667
0.636364
0.682927
0.677419
0.638889
0.575
0.489362
0.452381
0.53125
0.47619
0.622642
0.547619
0.666667
0.785714
0.589744
0.433333
0.666667
0.535714
0.612903
0.655172
0.434783
0.526316
0.534884
0.416667
0.5
0.619048
0.25
0.4
0.62963
0.612903
0.461538
0.461538
0.576923
0.533333
0.458333
0.551724
0.391304
0.588235
0.675
0.56
0.53125
0.580645
0.542857
0.482759
0.54902
0.566667
0.666667
0.571429
0.518519
0.513514
0.59375
0.560976
0.575758
0.538462
0.708333
0.714286
0.657143
0.555556
0.69697
0.5
0.666667
0.689655
0.607143
0.586207
0.392857
0.615385
0.576923
0.382353
0.48
0.363636
0.407407
0.481481
0.461538
0.607143
0.586207
0.576923
0.413793
0.411765
0.68
0.904762
0.607143
0.555556
0.769231
0.555556
0.571429
0.521739
0.5
0.545455
0.535714
0.466667
0.466667
0.714286
0.647059
0.434783
0.366667
0.461538
0.4375
0.483871
0.387097
0.586207
0.705882
0.45
0.52381
0.357143
0.5
0.352941
0.272727
0.384615
0.384615
0.416667
0.214286
0.384615
0.363636
0.388889
0.384615
0.25
0.615385
0.428571
0.230769
0.375
0.5
0.384615
0.545455
0.5
0.555556
0.529412
0.384615
0.5
0.3125
0.423077
0.44
0.391304
0.545455
0.5
0.653846
0.521739
0.4
0.416667
0.448276
0.380952
0.409091
0.457143
0.545455
0.428571
0.25
0.705882
0.769231
0.65
0.611111
0.388889
0.533333
0.777778
0.166667
0.375
0.526316
0.333333
0.4
0
0.5
0.478261
0.619048
0.5
0.526316
0.4375
0.2
0.363636
0.318182
0.411765
0.5625
0.6
0.6
0.882353
0.565217
0.545455
0.6
0.631579
0.657143
0.407407
0.466667
0.8
0.409091
0.571429
0.4
0.266667
0.823529
0.526316
0.4375
0.3
0.52381
0.565217
0.482759
0.5
0.444444
0.545455
0.64
0.59375
0.615385
0.481481
0.588235
0.433333
0.75
0.482759
0.56
0.458333
0.478261
0.47619
0.409091
0.578947
0.458333
0.555556
0.545455
0.52
0.6
0.444444
0.368421
0.428571
0.428571
0.423077
0.515152
0.583333
0.529412
0.409091
0.5625
0.666667
0.5
0.586207
0.433333
0.37931
0.478261
0.458333
0.5
0.352941
0.5
0.611111
0.5
0.47619
0.363636
0.3
0.5
0.6875
0.307692
0.75
0.357143
0.55
0.428571
0.142857
0.25
0.375
0.5
0.3
0.571429
0.454545
0.3
0.4
0.416667
0.272727
0.6
0.166667
0.25
0.333333
0.4
0.833333
0.333333
0.545455
0.75
0.833333
0.857143
0.625
1
0.888889
0.9
0.5
0.555556
0.25
0.166667
0.6
0.333333
0.428571
0
0.8
0.4
0.4
0
0.666667
0
0
0
1
0
1
0.25
0
0.2
0.333333
0.6
0.666667
0
0.333333
0.333333
0.285714
0.4
0.333333
0.3
0.125
0.5
0.357143
0.5
0.380952
0
0.333333
0.285714
0.5
0.333333
1
1
0.842105
0.818182
0.7
0.666667
0.4
0.5
0.272727
0.666667
0.8
0.333333
1
0.666667
0.428571
0
0
0.375
0.727273
0.75
0.666667
0.545455
0.636364
0.5
0.818182
0.5
0.833333
0.25
0.5
0.714286
0.705882
0.55
0.3
0.571429
0.421053
0.454545
0.388889
0.333333
0.724138
0.5
0.4
0.375
0.769231
0.6
0.555556
0.5
0.625
0.375
0.6
0.454545
0.5
0.375
0.461538
0.631579
0.55
0.444444
0.6875
0
0.583333
0.333333
0.6
0.5
0.5
0.730769
0.55
0.588235
0.592593
0.5
0.5
0.4
0.173913
0.272727
0.291667
0.272727
0.181818
0.291667
0.6
0.464286
0.675676
0.581395
0.611111
0.53125
0.588235
0.454545
0.545455
0.363636
0.65
0.388889
0.571429
0.617647
0.434783
0.428571
0.354839
0.333333
0.533333
0.423077
0.434783
0.35
0.318182
0.32
0.238095
0.444444
0.466667
0.714286
0.48
0.40625
0.25
0.5
0.48
0.481481
0.548387
0.470588
0.571429
0.545455
0.8
0.769231
0.666667
0.625
0.625
0.473684
0.647059
0.521739
0.52
0.473684
0.458333
0.481481
0.583333
0.466667
0.478261
0.666667
0.64
0.375
0.294118
0.5
0.5
0.590909
0.6875
0.571429
0.472222
0.6
0.75
0.75
0.235294
0.428571
0.62069
0.571429
0.65
0.625
0.4
0.47619
0.647059
0.541667
0.304348
0.5
0.4
0.419355
0.322581
0.375
0.5
0.636364
0.3
0.625
0
0.666667
0.714286
0.65
0.888889
0.545455
0.352941
0.25
0.565217
0.166667
0.761905
0.8
0.714286
0.2
0.5
0.5
0.4375
0.545455
0.428571
0.55
0.517241
0.625
0.538462
0.615385
0.761905
0.380952
0.631579
0.55
0.571429
0.52381
0.416667
0.5
0.555556
0.6875
0.35
0.3
0.357143
0.411765
0.545455
0.285714
0
0.666667
0.5
0.5
0.142857
0.666667
0.8
0.5
0.285714
0.375
0
0.294118
0.416667
0.375
0.235294
0.5
0.333333
0.285714
0.4
0.285714
0.2
0.357143
0.4
0.529412
0.5
0.444444
0.5
0.5
0.636364
0.6
0.533333
0.333333
0.388889
0.6
0.5
0.307692
0
0.5
0
0.2
0.625
0.333333
0.3
0.111111
0.111111
0.619048
0.75
0.545455
0.333333
0.166667
0.454545
0.2
0.142857
0.222222
0.222222
0
0.5
0.666667
0.666667
0.142857
0.461538
1
0.466667
0.555556
0.578947
0.666667
0.736842
0.833333
0.181818
0.6875
0.625
0.526316
0.538462
0.588235
0.3
0.4
0.411765
0.625
0.285714
0.25
0.454545
0.625
0.333333
0.538462
0.333333
0.714286
0.75
0.375
0.3
0.181818
0
0
0.25
0.4
0
0
0
0
0
0
0
0
0
0.3
0.25
0.222222
0.166667
0
0.2
0.111111
0.285714
0.2
0.166667
0.25
0.285714
0.375
0.5
0.333333
0.111111
0.545455
0.333333
0
0.125
0.181818
0.391304
0.625
0.5
0.777778
0.625
0.125
0.333333
0.478261
0.727273
0.833333
0.5
0.875
0.4
0.714286
0.7
0.545455
0.68
0.636364
0.666667
0.833333
0.636364
0.75
0.833333
0.533333
0.807692
0.56
0.538462
0.473684
0.625
0.6
0.6
0.714286
0.555556
0.5625
0.631579
0.588235
0.482759
0.545455
0.8
0.4375
0.473684
0.571429
0.4
0.384615
0.642857
0.333333
0.555556
0.5
0.4
0.352941
0.357143
0.375
0.583333
0.4
0.75
0.666667
0.888889
0.777778
0.8
0.777778
0.555556
0.7
0.615385
0.8
0.136364
0.1875
0.125
0.166667
0.230769
0.416667
0.285714
0
0.636364
0.4
0.444444
0.375
0.4375
0.133333
0.25
0.388889
0.384615
0.375
0.4
0.1
0.384615
0.333333
0.263158
0.222222
0.666667
0.5
0.35
0.35
0.391304
0.714286
0.6875
0.333333
0.75
0.583333
0.818182
0.7
0.5
0.351351
0.444444
0.347826
0.433333
0.5
0.5
0.631579
0.548387
0.5
0.483871
0.48
0.25
0.485714
0.466667
0.555556
0.444444
0.458333
0
0.166667
0.111111
0.142857
0
0.142857
0
0
0
0.4
0
0
0.25
0
0.526316
0.527778
0.555556
0.533333
0.545455
0.25
0
0
0.466667
0.478261
0.4
0.555556
0.833333
0.55102
0.75
0.68
0.833333
0.689655
0.733333
0.666667
0.333333
0.6875
0.5
0.454545
0.428571
0.4
0.454545
0.52381
0.692308
0.466667
0.6
0.785714
0.692308
0.8
0.478261
0.75
0.6
0.772727
0.75
0.642857
0.818182
0.6
0.5
0.625
0.583333
0.619048
0.736842
0.25
0
0
0.75
0
0.571429
0.580645
0
0
0
0
0
0
0
0
0.428571
0
0
0
0
0
0
0
0
0
0
0
0
0
0
0
0
0
0
0
0
0
0
0
0
0.636364
0
0
0
0
0
0
0
0
0
0
0
0
0
1
0
0
0
0
0
0
0
0
0
0
0
0
0
0
0
1
0
0
0.5
0
0
0
0
1
0.5
0
0
0.666667
1
0
1
1
0
1
0
0
0
0
0
0
0.666667
0.666667
0.333333
0.8
0.333333
0.6
0.666667
0.666667
0.571429
0.5
0.333333
0.333333
0.5
0.555556
1
0.875
0.466667
0.333333
1
0.333333
0.666667
1
0
0.533333
0
0.538462
0.2
0.1
1
0
0
0.714286
0.666667
0.833333
0
0.75
1
0
0
0
0.285714
0
0.5
0
1
0
0
0
0
0
0
0
1
0.666667
1
1
0.25
0
0
0
0
0
0
0.5
0
0
0
0
0
0
0.25
0
0.666667
0.2
0.5
1
0.5
0.5
0.5
0.5
0.555556
0.6
0.25
0.75
0.666667
0.333333
0
0.25
0
0
0.454545
0.285714
0.470588
0.5
0.714286
0.5
0.375
0
0.4
0.545455
0.428571
0.75
0.8
1
0.583333
0
0.4
0.571429
0.333333
0.285714
0
0
0.0769231
0.5
0.5
0.526316
0
0.5
0.5
0
0
0.5
0.75
0
0
1
1
0.4
0.590909
0.3125
0
0.7
0.142857
0
0.533333
0.5625
0.3
0.473684
0.416667
0.375
0.2
0
0.4
0.615385
0.777778
0.590909
0.4
0.578947
0.416667
0.642857
0.272727
0.4
0.25
0.428571
0.333333
0.307692
0.230769
0.388889
0.384615
0.692308
0.615385
0.461538
0.5
0.333333
0.642857
0.545455
0.619048
0.35
0.473684
0.411765
0.4
0.7
0.5
0.769231
0.636364
0.636364
0.4
0.571429
0.4
0.5
0.285714
0.571429
0.5
0.538462
0.583333
0.6875
0.5
0.8
0.4375
0.636364
0.333333
0.5
0.714286
1
0.666667
0.5
0.25
0.25
0.5
0.272727
0.333333
0.6
0.666667
0.428571
0.666667
1
0
0.75
0
1
0.666667
0.5
0.8
1
0.375
0.428571
1
0.2
0
0.4
0.5
1
0
0.666667
0.222222
0.25
0.333333
0.230769
0.333333
0.466667
0.307692
0.285714
0.461538
0.333333
0.5
0.222222
0.214286
0.3
0.166667
0.0769231
0.25
0.1
0.214286
0.461538
0.333333
0.333333
0.266667
0.363636
0.32
0.384615
0.352941
0.444444
0.285714
0.3
0.4
0.0833333
0.222222
0.333333
0
0.166667
0.75
0.333333
0.5
0.25
0.333333
0.5
0.166667
0.333333
0
0.357143
0.384615
0.411765
0.461538
0.461538
0.714286
0.75
0.571429
0.25
0.222222
0.2
0.333333
0.2
0.294118
0.4
0.133333
0.157895
0.307692
0.4
0.210526
0.190476
0.307692
0.3
0.285714
0.380952
0.2
0.210526
0
0.111111
0.25
0.0909091
0.181818
0.0625
0.3
0.375
0.615385
1
0.4
0
0.4
0.5
0
0
0.25
0.375
0.277778
0.235294
0.375
0.466667
0.5
0.4375
0.416667
0.133333
0.428571
0.363636
0.333333
0
0.25
0.125
0.3
0.142857
0.571429
0.583333
0.333333
0.428571
0.428571
0.333333
0.5
0.5
0.333333
0.214286
0
0.285714
0.375
0.333333
0.222222
0
0.7
0.375
0.625
0.545455
0.222222
0.444444
0.5
0
0.625
0.666667
0.428571
0.5
0.666667
0
1
1
0.466667
0.230769
0.217391
0
0.52381
0.380952
0.421053
0.647059
0.357143
0.6
0.285714
0
0
0.352941
0
0.545455
0.25
0
0
0
0
1
0
0.5
0
0.5
0.25
0.25
0.428571
0.333333
0.166667
0.3
1
0.5
0.285714
0.5
0.571429
0.5
0.444444
0.428571
0.333333
0.6
0.6
0.5
0
0.666667
0.666667
1
0.571429
0.5
0.333333
0.4
0.5
0.4
0.625
0.625
0.571429
0
0.375
0.375
0.5
0.25
0.4
0.375
0.333333
0.25
0.333333
0.5
0.333333
0.333333
0.333333
0
0
1
0.666667
1
0.5
0
0.333333
0.6
0
1
0.625
1
1
0.4
0
0.75
0.25
0.8
0
0.6
1
0.333333
0
0.333333
0
0.25
0
1
0
1
0
0.6
0
1
1
0.5
0
0
0
0
0.4
0
0.4
0.6
0.666667
0.666667
0.5
0.5
0.75
0.2
0.25
0.333333
0.666667
0.4
0.5
0.2
0.166667
0.461538
0.666667
0.416667
0.636364
0.5
0.5
0.444444
0.230769
0.222222
0.25
0.407407
0.608696
0.571429
0.375
0.263158
0.230769
0.441176
0.5
0.441176
0.461538
0.8
0.8125
0.583333
0.6
0.647059
0.714286
0.538462
0.571429
0.5
0.45
0.5
0.625
0.3
0.4
0.8
0.363636
0.666667
0.444444
0.25
0.461538
0.6875
0.642857
0.75
0.5
0.538462
0.461538
0.636364
0.416667
0.4
0.833333
0.916667
0.416667
0.625
0.166667
0.5
0.142857
0.5
0.555556
0.5
0.5
0.25
0.428571
0.375
0.636364
0.3
0.454545
0.1
0.5
0.222222
0.461538
0.222222
0.3
0.285714
0.272727
0.5
0.421053
0.388889
0.352941
0.454545
0.3125
0.416667
0.294118
0.352941
0.384615
0.272727
0.285714
0.0909091
0.333333
0.545455
0.4
0.4
0.5
0.444444
0.444444
0.333333
0.307692
0.333333
0.3
0.333333
0.375
0.333333
0.4375
0.466667
0.5
0.266667
0.3
0.473684
0.411765
0.5
0.428571
0.5
0.470588
0.352941
0.285714
0.285714
0.466667
0.357143
0.5
0.384615
0.368421
0.222222
0.333333
0.384615
0.2
0.315789
0.384615
0.277778
0.222222
0.428571
0.272727
0.363636
0.2
0.3
0.166667
0.2
0.230769
0.25
0.5
0.4
0.4
0.333333
0.4
0.428571
0.454545
0.125
0.2
0.3125
0.454545
0.181818
0.333333
0.5
0.666667
0.444444
0
0.333333
0.5
0.4
0.384615
0.5
0.428571
0.315789
0.363636
0.4
0.615385
0.470588
0.272727
0.333333
0.3
0.222222
0.230769
0.461538
0.3
0.285714
0.222222
0.352941
0.35
0.3125
0.375
0.210526
0.1875
0.375
0.277778
0.411765
0.428571
0.307692
0.428571
0.3125
0.263158
0.357143
0.3125
0.125
0.461538
0.333333
0.166667
0.470588
0.230769
0.428571
0.5
0.533333
0.75
0.642857
0.538462
0.384615
0.5
0.583333
0.555556
0.692308
0.5
0.384615
0.166667
0.2
0.45
0.428571
0.357143
0.470588
0.277778
0.3
0.428571
0.307692
0.25
0.384615
0.416667
0.4
0.272727
0.3
0.333333
0.1
0.25
0.333333
0.222222
0.3
0.428571
0.272727
0.384615
0.315789
0.533333
0.230769
0.416667
0.25
0.2
0.214286
0.4
0.235294
0.25
0.142857
0.263158
0.172414
0.291667
0.210526
0.4375
0.444444
0.307692
0.384615
0.230769
0.285714
0.285714
0.0714286
0.266667
0.357143
0.444444
0.4375
0.4
0.272727
0.333333
0.407407
0.444444
0.333333
0.153846
0.368421
0.2
0.375
0.318182
0.25
0.153846
0.125
0.555556
0.615385
0.384615
0.416667
0.125
0.4
0.333333
0.1
0.230769
0.142857
0.125
0.153846
0.266667
0.25
0.241379
0.35
0.210526
0.392857
0.291667
0.2
0.257143
0.2
0.272727
0.333333
0.296296
0.26087
0.238095
0.347826
0.363636
0.454545
0.142857
0.4
0.347826
0.176471
0.37037
0.375
0.333333
0.352941
0.357143
0.285714
0.407407
0.25
0.347826
0
0.333333
0.315789
0.333333
0.333333
0.36
0.37037
0.291667
0.44
0.2
0.391304
0.333333
0.380952
0.181818
0
0.0909091
0.2
0.1
0.384615
0.25
0.384615
0.222222
0.5
0.142857
0.375
0.111111
0.363636
0.166667
0
0.25
0.111111
0.352941
0.285714
0.375
0.333333
0.333333
0
0.222222
0.470588
0.2
0.5
0.4375
0.470588
0.363636
0.380952
0.416667
0.4375
0.25
0.391304
0.263158
0.4
0.285714
0.466667
0.333333
0.352941
0.285714
0
