0
0.25
0
0
0
0.5
0.666667
1
0.846154
0.933333
0.428571
0.777778
0.333333
0.6
0.888889
0.666667
0.6
0.571429
0.777778
0.666667
0.733333
0.583333
0.666667
0.571429
0.5
0.555556
0.4
0.692308
0.6
0.727273
0.375
0.357143
0.5
0.545455
0.473684
0.461538
0.466667
0.529412
0.586207
0.583333
0.761905
0.576923
0.571429
0.272727
0.333333
0.516129
0.55
0.730769
0.68
0.695652
0.666667
0.5
0.631579
0.652174
0.47619
0.411765
0.545455
0.615385
0.636364
0.5
0.6
0.5625
0.75
0.875
0.875
1
0.615385
0.588235
0.818182
0.714286
0.857143
0.692308
0.714286
0.631579
0.7
0.461538
0.625
0.4
0.5
0.6
0.666667
0.909091
0.727273
0.6
0.384615
0
0.666667
0.333333
0.75
0.777778
0.5
0.25
0.454545
0.5
0.75
0.7
0.555556
0.625
0.4
0.666667
0.4
1
0.2
1
0.833333
0.571429
0.555556
0.666667
0.636364
0.6
0.555556
0.538462
0.461538
0.666667
0.583333
0.4
0.615385
0.357143
0.285714
0.416667
0.466667
0.5
0.461538
0.3
0.1875
0.25
0.153846
0.266667
0.272727
0.409091
0.6
0.6
0.692308
0.615385
0.615385
0.571429
0.55
0.5
0.548387
0.647059
0.411765
0.608696
0.703704
0.4
0.46875
0.375
0.558824
0.692308
0.407407
0.35
0.333333
0.5
0.538462
0.5
0.6
0.47619
0.583333
0.636364
0.5
0.615385
0.529412
0.538462
0.733333
0.785714
0.647059
0.615385
0.625
0.583333
0.647059
0.777778
0.692308
0.5
0.473684
0.555556
0.727273
0.461538
0.380952
0.5
0.625
0.5
0.5625
0.5
0.666667
0.5
0.4375
0.44
0.380952
0.565217
0.4
0.642857
0.666667
0.454545
0.4
0.5
0.4
0.4
0.555556
0.444444
0.352941
0.555556
0.6
0.714286
0.666667
0.5
0.666667
0.428571
0.428571
0.333333
0.555556
0.666667
0.636364
0.5
0.25
0
0.5
0.666667
0.833333
0.375
0.6
0.416667
1
0.4
0.571429
0.454545
0.571429
0.642857
0.666667
0.5
0.555556
1
0.555556
0.571429
0.5
0.25
0.25
0.444444
0.4
0.222222
0.333333
0.6
0.285714
0.222222
0.5
0
0
0
0
0
0
0.142857
0.2
0.285714
0.166667
0.166667
0
0.4
0.714286
0.333333
0.666667
0.6
0.4
0
0
0
0.5
0.5
0.25
0.111111
0.428571
0.5
0.363636
0.416667
0.368421
0.25
0.166667
0.25
0.125
0
0.25
0.25
0.461538
0.3
0.461538
0.25
0.25
0.125
0.4
0.375
0.454545
0.571429
0.555556
0.461538
0.444444
0.7
0.25
0.1
0.6
0.25
0.214286
0.2
0.125
0.571429
0.25
1
0.125
0.181818
0.333333
1
0.25
0.333333
0.333333
0
0
0.4
0.555556
0
0.545455
0.2
0.555556
0.52381
0.68
0.576923
0.466667
0.413793
0.433333
0.4
0.384615
0.5
0.52381
0.478261
0.578947
0.4
0.55
0.407407
0.411765
0.473684
0.5625
0.470588
0.454545
0.545455
0.565217
0.47619
0.45
0.25
0.533333
0.482759
0.545455
0.454545
0.571429
0.454545
0.516129
0.5
0.428571
0.529412
0.571429
0.608696
0.44
0.5
0.545455
0.571429
0.352941
0.612903
0.56
0.434783
0.5
0.294118
0.384615
0.4
0.577778
0.512195
0.411765
0.6
0.421053
0.84
0.44
0.466667
0.576923
0.571429
0.764706
0.588235
0.333333
0.541667
0.521739
0.35
0.5
0.612903
0.535714
0.666667
0.5
0.568182
0.4375
0.733333
0.533333
0.513514
0.4375
0.529412
0.652174
0.521739
0.461538
0.625
0.428571
0.222222
0.625
0.411765
0.714286
0.7
0.478261
0.5
0.538462
0.571429
0.6875
0.473684
0.6
0.541667
0.470588
0.277778
0.181818
0.545455
0.411765
0.575758
0.529412
0.368421
0.533333
0.6
0.235294
0.285714
0.571429
0.555556
0.5
0.714286
0.5
0.666667
0.529412
0.55
0.47619
0.5
0.333333
0.333333
0.416667
0.55
0.571429
0.583333
0.473684
0.705882
0.384615
0.363636
0.333333
0.434783
0.428571
0.571429
0.428571
0.6
0.454545
0.590909
0.7
0.681818
0.5
0.272727
0.454545
0.391304
0.533333
0.266667
0.666667
0.375
0.333333
0.4
0.4
0.333333
0.25
0.181818
0.333333
0.666667
0.45
0.3
0.846154
0.538462
0.666667
0.55
0.666667
0.538462
0.684211
0.541667
0.5
0.541667
0.6
0.448276
0.652174
0.545455
0.5
0.6
0.576923
0.65
0.5625
0.529412
0.482759
0.6875
0.421053
0.857143
0.5
0.666667
0.625
0.421053
0.5
0.285714
0.583333
0.380952
0.310345
0.59375
0.478261
0.368421
0.689655
0.625
0.592593
0.6
0.391304
0.916667
0.769231
0.75
0.75
0.777778
0.789474
0.888889
0.583333
0.769231
0.6
0.2
0.714286
0.428571
0.458333
0.566667
0.566667
0.375
0.466667
0.5
0.25
0.470588
0.458333
0.5
0.52
0.384615
0.393939
0.365854
0.607143
0.415094
0.52381
0.425532
0.333333
0.25
0.296296
0.44
0.333333
0.571429
0.44
0.388889
0.454545
0.371429
0.36
0.4
0.5
0.441176
0.473684
0.175
0.48
0.358491
0.472222
0.1875
0.4
0.405405
0.390244
0.469388
0.551724
0.8125
0.842105
0.384615
0.515152
0.485714
0.621622
0.384615
0.65
0.428571
0.40625
0.444444
0.47619
0.692308
0.588235
0.56
0.459459
0.548387
0.6
0.363636
0.485714
0.333333
0.46875
0.580645
0.558824
0.4
0.333333
0.5
0.285714
0.428571
0.382353
0.441176
0.48
0.40625
0.5
0.4
0.444444
0.4
0.428571
0.275862
0.3125
0.354839
0.463415
0.37931
0.470588
0.304348
0.333333
0.538462
0.294118
0.318182
0.571429
0.344828
0.458333
0.346154
0.315789
0.461538
0.4
0.555556
0.25
0.333333
0.214286
0.307692
0.5
0.153846
0.222222
0.333333
0.230769
0.176471
0.3125
0.555556
0.444444
0.625
0.428571
0.6
0.454545
0.411765
0.333333
0.333333
0.285714
0.238095
0.310345
0.375
0.310345
0.35
0.461538
0.619048
0.315789
0.4
0.518519
0.434783
0.36
0.340426
0.333333
0.483871
0.5
0.416667
0.432432
0.302326
0.15
0.36
0.380952
0.416667
0.291667
0.321429
0.30303
0.342105
0.461538
0.387097
0.466667
0.451613
0.484848
0.56
0.652174
0.545455
0.526316
0.666667
0.5
0.5
0.5
0.517241
0.375
0.466667
0.357143
0.227273
0.533333
0.545455
0.421053
0.448276
0.592593
0.541667
0.727273
0.631579
0.619048
0.45
0.571429
0.5
0.5
0.375
0.416667
0.285714
0.4375
0.230769
0.285714
0.411765
0.705882
0.333333
0.35
0.857143
0.571429
0.375
0.307692
0.538462
0
0
0
0.285714
0.4
0.166667
0.272727
0.25
0.125
0.2
0.2
0.444444
0
0.333333
0.666667
0.666667
0
0.142857
0.25
0.642857
0.333333
1
0
0.555556
0
0.25
0
0.142857
0
0.2
0
0.5
0.636364
0.6
0
0.8
0.6
0.444444
0.5
0.6
0.666667
0.625
0.488889
0.545455
0.6
0.597561
0.551724
0.474576
0.347826
0.365385
0.521739
0.631579
0.492063
0.666667
0.432432
0.478261
0.4
0.380952
0.435897
0.485714
0.5
0.408163
0.384615
0.451613
0.538462
0.518519
0.419355
0.464286
0.434783
0.535714
0.333333
0.5
0.411765
0.5
0.392857
0.25
0.28125
0.428571
0.533333
0.6
0.517241
0.55
0.666667
0.548387
0.53125
0.454545
0.533333
0.5
0.45
0.619048
0.68
0.590909
0.434783
0.588235
0.515152
0.571429
0.714286
0.684211
0.409091
0.5
0.5
0.611111
0.540541
0.578947
0.473684
0.44
0.473684
0.142857
0.416667
0.125
0.6
0.666667
0.346154
0.285714
0.307692
0.6
0.384615
0.333333
0.54
0.6
0.571429
0.56
0.608696
0.6875
0.413793
0.487805
0.625
0.55814
0.5
0.488889
0.5
0.490196
0.510638
0.5
0.47619
0.578947
0.583333
0.666667
0.566667
0.57377
0.478261
0.375
0.541667
0.423077
0.461538
0.37931
0.488889
0.422222
0.444444
0.404762
0.5
0.392857
0.315789
0.24
0.357143
0.421053
0.421053
0.428571
0.481481
0.458333
0.357143
0.411765
0.545455
0.285714
0.277778
0.5625
0.323529
0.461538
0.466667
0.384615
0.285714
0.275
0.55
0.36
0.357143
0.258065
0.264706
0.263158
0.414634
0.259259
0.28125
0.259259
0.55
0.5
0.375
0.16
0.588235
0.4
0.393939
0.333333
0
0.538462
0.142857
0.692308
0.764706
0.529412
0.590909
0.636364
0.666667
0.44
0.842105
0.608696
0.529412
0.444444
0.514286
0.65
0.354839
0.65
0.555556
0.571429
0.47619
0.6
0.576271
0.444444
0.583333
0.416667
0.606061
0.607143
0.509804
0.673469
0.65
0.769231
0.514286
0.652174
0.52381
0.75
0.604167
0.731707
0.764706
0.606557
0.627119
0.653846
0.727273
0.547619
0.694444
0.684211
0.717949
0.694444
0.666667
0.509091
0.444444
0.5
0.583333
0.478261
0.636364
0.4
0.576923
0.551724
0.65
0.545455
0.6
0.636364
0.46
0.433962
0.519231
0.590909
0.769231
0.8125
0.666667
0.5625
0.571429
0.6
0.285714
0.384615
0.583333
0.588235
0.64
0.555556
0.73913
0.666667
0.6
0.652174
0.590909
0.583333
0.428571
0.555556
0.7
0.692308
0.75
0.529412
0.4375
0.368421
0.428571
0.125
0.5
0.2
0
0
0.333333
0.3
0
0.5
0.454545
0.2
0.444444
0.538462
0.25
0.222222
0.384615
0.3
0.615385
0.4
0.583333
0.411765
0.444444
0.416667
0
0.4
0.583333
0.416667
0.428571
0.611111
0.25
0.2
0.5
0.466667
0.472222
0.478261
0.0588235
0.416667
0.166667
0.125
0
0
0
0.363636
0.333333
0
0.375
0.428571
0.285714
0.733333
0.567568
0.340909
0.655172
0.484848
0.555556
0.393939
0.208333
0.517241
0.52381
0.368421
0.315789
0.5625
0.333333
0.52
0.375
0.235294
0.277778
0.4
0.181818
0.125
0.333333
0.55
0.333333
0.5
0.384615
0.4
0.526316
0.666667
0.47619
0.5
0.333333
0.25
0.52
0.384615
0.55
0.526316
0.5
0.461538
0.5
0.625
0.588235
0.4375
0.565217
0.428571
0.37037
0.458333
0.388889
0.578947
0.4375
0.555556
0.5625
0.611111
0.333333
0.5
0.521739
0.521739
0.410256
0.363636
0.458333
0.380952
0.518519
0.472222
0.448276
0.666667
0.645161
0.567568
0.552632
0.741935
0.676471
0.594595
0.704545
0.578947
0.605263
0.789474
0.702703
0.545455
0.75
0.608696
0.56
0.580645
0.409091
0.4
0.410256
0.5
0.423077
0.547619
0.35
0.489796
0.615385
0.466667
0.459459
0.470588
0.518519
0.375
0.65
0.725
0.571429
0.526316
0.632653
0.346154
0.333333
0.432432
0.513514
0.518519
0.511111
0.517241
0.625
0.484848
0.419355
0.5
0.56
0.645161
0.5
0.636364
0.75
0.5
0.514286
0.464286
0.6
0.5
0.666667
0.586207
0.541667
0.565217
0.576923
0.648649
0.419355
0.424242
0.6
0.583333
0.56
0.533333
0.36
0.621622
0.542857
0.56
0.322581
0.555556
0.681818
0.608696
0.481481
0.470588
0.5
0.769231
0.666667
0.631579
0.571429
0.666667
0.583333
0.515152
0.529412
0.5
0.764706
0.727273
0.5
0.5
0.483871
0.5
0.666667
0.576923
0.72
0.470588
0.583333
0.555556
0.8
0.6
0.333333
0.5
0.4
0.470588
0.368421
0.2
0.461538
0.5625
0.533333
0.411765
0.615385
0.571429
0.333333
0.333333
0.631579
0.214286
0.428571
0.428571
0.333333
0.5
0.416667
0.619048
0.466667
0.652174
0.566667
0.56
0.636364
0.535714
0.586207
0.535714
0.657143
0.565217
0.48
0.55
0.55
0.605263
0.34375
0.434783
0
0.666667
0.846154
0.454545
0.611111
0.294118
0.4375
0.666667
0.272727
0.45
0.52381
0.428571
0.222222
1
0.44
0.259259
0.631579
0
0.615385
0.466667
0.444444
0.565217
0.44
0.48
0.695652
0.64
0.636364
0.68
0.5
0.393939
0.5
0.5
0.625
0.552632
0.625
0.555556
0.444444
0.461538
0.368421
0.333333
0.615385
0.5
0.45
0.529412
0.409091
0.423077
0.64
0.5
0.580645
0.529412
0.533333
0.5
0.642857
0.73913
0.478261
0.541667
0.55
0.551724
0.65
0.52381
0.36
0.608696
0.47619
0.611111
0.526316
0.526316
0.52381
0.533333
0.56
0.473684
0.423077
0.565217
0.588235
0.714286
0.514286
0.636364
0.428571
0.482759
0.606061
0.62963
0.428571
0.470588
0.481481
0.482759
0.454545
0.35
0.636364
0.526316
0.592593
0.6
0.65
0.478261
0.5
0.444444
0.5
0.5
0.421053
0.5
0.333333
0.625
0.538462
0.111111
0.2
0.4
0.461538
0.333333
0.571429
0.541667
0.428571
0.526316
0.4
0.333333
0.411765
0.4375
0.5
0.384615
0.5
0.384615
0.5
0.5625
0.625
0.5
0.857143
0.8
0.5
0.636364
0.833333
0.538462
0.7
0.636364
0.333333
0.6
0.5
0.545455
0
0.666667
0.5
0.428571
0
0
0
0
0
0.5
0
0
0.8
0
1
0.363636
0.555556
0.615385
0.75
0
0.5
0.583333
0.5
0.428571
0
0.8
0
0.705882
0.5
0.619048
0.5
0
0
0.5
0
0
0
0.84
0.8
0.416667
0.909091
0.555556
0.285714
0.6
0.571429
0.466667
1
0.5
0.666667
0.714286
0
0.428571
0.6
0.6
0.8
0.75
0.714286
0.6
0.375
0.875
0.7
0.666667
0.666667
0.333333
0.772727
0.65
0.52381
0.333333
0.0909091
0.4
0
0.5
0.818182
0.62069
0.5
0.363636
0.777778
0.666667
0.590909
0.529412
0.533333
0.272727
0.416667
0.307692
0.266667
0.4
0.166667
0.272727
0.470588
0.384615
0.45
0.6
0.666667
0.4
0
0
0.230769
0.533333
0.47619
0.529412
0.565217
0.515152
0.5
0.4
0.44
0.214286
0.285714
0.285714
0.16
0.277778
0.192308
0.32
0.464286
0.408163
0.325581
0.606061
0.484848
0.421053
0.34375
0.428571
0.25
0.35
0.230769
0.4
0.5
0.458333
0.310345
0.264706
0.32
0.6
0.5
0.454545
0.263158
0.461538
0.441176
0.590909
0.333333
0.357143
0.285714
0.380952
0.482759
0.214286
0.416667
0.411765
0.391304
0.545455
0.352941
0.235294
0.7
0.5
0.513514
0.4
0.555556
0.47619
0.266667
0.5
0.454545
0.481481
0.363636
0.481481
0.518519
0.461538
0.346154
0.44
0.6
0.52
0.529412
0.318182
0.461538
0.3
0.333333
0.294118
0.571429
0.5
0.473684
0.375
0.333333
0.1875
0.333333
0.470588
0.333333
0.454545
0.583333
0.3125
0.392857
0.375
0.393939
0.347826
0.40625
0.419355
0.321429
0.482759
0.428571
0.615385
0.625
0.375
0.8
0.222222
0.6
0.666667
0.529412
0.333333
0.538462
0.695652
0.4
0.7
0.333333
0.458333
0.75
0.4
0
0.454545
0.333333
0.5
0.4
0.291667
0.388889
0.333333
0.285714
0.25
0.153846
0.35
0.263158
0.352941
0.32
0.357143
0.333333
0.366667
0.454545
0.5
0.263158
0.333333
0.4
0.416667
0.357143
0.25
0.1
0.25
0.5
0
0.4
0.125
0.428571
0.5
0.6
0.166667
0.142857
0
0.411765
0.153846
0.333333
0.214286
0.263158
0.272727
0.5
0.571429
0.142857
0.333333
0.571429
0.4
0.444444
0.65
0.529412
0.8
0.416667
0.538462
0.705882
0.625
0.384615
0.47619
0.615385
0.5
0.6
0
0.75
0
0.25
0.5
0.461538
0.461538
0.285714
0.2
0.521739
0.666667
0.111111
0.363636
0.166667
0.166667
0.125
0.125
0
0.111111
0.125
0.333333
0.333333
0.5
0.5
0.416667
0.625
0.461538
0.45
0.2
0.444444
0.692308
0.555556
0.333333
0.666667
0.615385
0.6
0.444444
0.583333
0.222222
0.642857
0.5
0.5
0.166667
0
0.4
0.636364
0.5
0.416667
0.466667
0.555556
0.636364
0.571429
0.75
0.4
0.4
0.333333
0.545455
0.45
0
0.333333
0.5
0.333333
0.5
0.166667
0
0.428571
0.444444
0.5
0.2
0.333333
0.6
0.25
0.272727
0.2
0.214286
0.1
0.111111
0.181818
0.2
0.111111
0.333333
0.125
0.1
0.357143
0.166667
0.272727
0
0
0.363636
0.461538
0.666667
0.666667
0.75
0.555556
0.6
0.615385
0.6
0.722222
0.44
0.777778
0.5
0.733333
0.5
0.5
0.571429
0.5
0.555556
0.692308
0.7
0.461538
0.714286
0.4375
0.625
0.692308
0.466667
0.666667
0.481481
0.526316
0.5
0.478261
0.566667
0.548387
0.473684
0.533333
0.481481
0.421053
0.631579
0.40625
0.230769
0.642857
0.333333
0.461538
0.6875
0.25
0.5
0.8
0.333333
0.533333
0.416667
0.375
0.6
0.4
1
0.75
0.5
0.428571
0.833333
0.6
0.571429
0.571429
0.555556
0.6
0.1875
0.222222
0.5
0
0.230769
0.375
0.4375
0.166667
0.571429
0.4
0.416667
0.4375
0.454545
0.230769
0.227273
0.421053
0.3125
0.5
0.666667
0.551724
0.545455
0.375
0.192308
0.259259
0.230769
0.307692
0.470588
0.4
0.391304
0.473684
0.5
0.214286
0.333333
0.333333
0.6
0.6
0.435897
0.444444
0.4
0.3
0.423077
0.428571
0.444444
0.352941
0.354839
0.291667
0.25
0.333333
0
0.464286
0.482759
0.6
0.375
0.448276
0
0.25
0.428571
0.5
0.4
0
0.5
0.333333
0.5
1
0
0
1
0.5
0.548387
0.529412
0.541667
0.578947
0.595745
0.541667
0.5
0.2
0.5
0.5
0.428571
0.384615
0.714286
0.520833
0.540541
0.483871
0.555556
0.463415
0.6875
0.777778
0.666667
0.8125
0.5
0.727273
0.666667
0.428571
0.714286
0.631579
0.6
0.75
0.619048
0.75
0.636364
0.75
0.636364
0.705882
0.5625
0.64
0.777778
0.764706
0.8
0.571429
0.533333
0.647059
0.466667
0.6
0.684211
0
0
0
0.6
0
0.375
0.571429
0
0
0
0
0
0
0
0
0.555556
0
0
0
0
0
0
0
0
0
0
0
0
0
0
0
0
0
0
0
0
0
0
0
0
0.65
0
0
0
0
0
0
0
0
0
0
0
0
0
1
0
0
0
0
0
0
0
0
0
0
1
0
0
0
0
1
0
0
0.5
0
0
0
0
0
0.666667
0
1
0.5
1
0
1
0
0
1
0
0
0
0
0
1
0.8
0.6
0.5
0.666667
0.5
0.4
0.428571
0.428571
0.375
0.571429
0.75
0.75
0.571429
0.8
0.666667
0.9
0.7
0.6
0
0.333333
1
0.75
0.25
0.6875
0
0.5
0.25
0.307692
0.5
1
0
0.333333
0.6
0.444444
0
0.625
1
0
0
0.166667
0
0.666667
0.5
0
0
0
0
0.5
0
0.5
0
0
1
0.333333
0
1
0.25
0
0
0
0
0
0
0.333333
0
0
0
0
0.333333
0.2
0.375
0
0.333333
0.666667
0.666667
1
0.5
0.25
0.2
1
0.5
0.222222
0.5
0.4
0
0.25
0
0.666667
0
1
0.777778
0.5
0.526316
0.625
0.434783
0
0.2
0
0.4
0.538462
0.5
0.571429
0.625
1
0.846154
0
0.4
0.25
0.428571
0.666667
0
0.428571
0.181818
0.636364
0.5
0.4
1
1
0
0
1
0.4
1
0
0
0.333333
0.5
0.166667
0.583333
0.538462
0
0.705882
0.222222
0.333333
0.470588
0.52381
0.375
0.684211
0.642857
0.7
0.75
0.5
0.466667
0.210526
0.3
0.4375
0.210526
0.705882
0.1875
0.466667
0.285714
0.357143
0.111111
0.4
0.4375
0.352941
0.4
0.368421
0.333333
0.5
0.533333
0.555556
0.35
0.285714
0.714286
0.384615
0.428571
0.2
0.666667
0.117647
0.285714
0.7
0.307692
0.727273
0.4
0.454545
0.416667
0.5
0.375
0.5
0.4
0.444444
0
0.142857
0.25
0.529412
0.4
0.428571
0.285714
0.4
0.5
0.6
0.625
0
0.2
0.714286
0.2
0.25
0.571429
0.4
0.444444
0.8
0.75
0.375
0.666667
1
0
0.75
0
0
0.75
0.75
0.6
0.5
0.5
0.888889
0.6
0.5
0
0.5
0.5
1
0.5
0.333333
0.3
0.333333
0.666667
0.333333
0.222222
0.333333
0.454545
0.375
0.4375
0.666667
0.625
0.142857
0.333333
0.272727
0.181818
0.230769
0.5
0.375
0.0833333
0.526316
0.3
0.4
0.3125
0.315789
0.3
0.428571
0.181818
0.5
0.285714
0.25
0.1
0.25
0.421053
0.285714
0.142857
0.2
0.294118
0.333333
0.2
0.2
0.4
0.666667
0.2
0.25
0
0.230769
0.5
0.5
0.363636
0.6
0.5
0.538462
0.75
0.5
0.0909091
0.25
0.363636
0.222222
0.526316
0.142857
0.230769
0.16
0.230769
0.333333
0.105263
0.263158
0.4
0.181818
0.0588235
0.227273
0.0769231
0.15
0
0.1875
0.444444
0.25
0.181818
0.0625
0.444444
0.333333
0.166667
1
0.333333
0
0.166667
0.4
0.25
0.4
0
0.421053
0.346154
0.294118
0.333333
0.347826
0
0.375
0.363636
0.466667
0.625
0.555556
0.5
0.25
0.2
0.4
0.5
0.428571
0.333333
0.6
0.142857
0.125
0.45
0.636364
0.588235
0.333333
0.5
0.3125
1
0.333333
0.2
0.3
0
0
0.5
0.375
0.583333
0.666667
0.333333
0.5
0.25
0
0.5
0.75
0.75
0.833333
0.75
0
0.5
0.666667
0.40625
0.478261
0.347826
0.5
0.5
0.263158
0.190476
0.466667
0.5
0.666667
0.363636
0.5
1
0.25
0
0.555556
0.333333
0
0
0
0.5
0.5
0.75
0.25
0.6
0.333333
0.666667
0.8
0.428571
0.4
0.833333
0.5
1
0.666667
0.6
0.555556
0.333333
0.333333
0.25
0.555556
0.333333
1
0.5
1
0
0.5
1
0.75
0.833333
0.833333
0.666667
0.2
0.5
0.5
0.444444
0.666667
0.625
0.428571
0.714286
0.5
0.555556
0.571429
0.428571
0.571429
0.285714
0.333333
0.333333
0.375
0
0.666667
0.5
0
0
1
0.625
1
0.25
0
0.8
0.666667
0.714286
0.666667
0.625
0.4
0.666667
0.818182
0.6
0.555556
0.666667
1
0.5
1
1
0
1
0.5
1
0.6
0
1
0.333333
0.75
0
0.8
0.666667
0.6
0.75
0
0
0
0
0
0.625
0.333333
0.714286
0.625
0.714286
0.5
0.333333
0.166667
0.333333
0.285714
0.166667
0.25
0.416667
0.444444
0.25
0.25
0.142857
0.428571
0.615385
0.571429
0.272727
0.333333
0.454545
0.272727
0.166667
0.111111
0.294118
0.4
0.363636
0.454545
0.285714
0.380952
0.0833333
0.407407
0.411765
0.352941
0.285714
0.615385
0.53125
0.583333
0.315789
0.5625
0.25
0.521739
0.2
0
0.388889
0
0.285714
0
0.384615
0.5
0.411765
0.363636
0.1
0.111111
0.545455
0.611111
0.75
0.75
0.466667
0.571429
0.666667
0.333333
0.714286
0.375
0.571429
0.583333
0.555556
0.571429
0.2
0.5
0.428571
0.545455
0.777778
0.444444
0.142857
0.428571
0.5
0.714286
0.5
0.2
0.5
0.4
0.5
0.363636
0.333333
0.363636
0.388889
0.266667
0.357143
0.333333
0.428571
0.47619
0.357143
0.333333
0.347826
0.4375
0.285714
0.35
0.428571
0.214286
0.3125
0.5
0.363636
0.571429
0.333333
0.333333
0.352941
0.333333
0.5
0.466667
0.411765
0.384615
0.375
0.333333
0.444444
0.294118
0.411765
0.4
0.4
0.277778
0.214286
0.421053
0.642857
0.538462
0.6
0.526316
0.45
0.555556
0.411765
0.466667
0.470588
0.3125
0.333333
0.6
0.421053
0.388889
0.454545
0.615385
0.5
0.363636
0.315789
0.352941
0.461538
0.666667
0.384615
0.466667
0.538462
0.583333
0.285714
0.473684
0.428571
0.615385
0.555556
0.615385
0.818182
0.529412
0.75
0.454545
0.727273
0.666667
0.5
0.384615
0.466667
0.230769
0.875
0.8
0.727273
0.6
0.75
0.833333
0.666667
0.909091
0.5625
0.461538
0.6
0.473684
0.5
0.666667
0.538462
0.294118
0.461538
0.5
0.6
0.428571
0.230769
0.272727
0.416667
0.357143
0.166667
0.2
0.285714
0.142857
0.333333
0.333333
0.235294
0.2
0.368421
0.142857
0.388889
0.2
0.416667
0.294118
0.166667
0.25
0.277778
0.157895
0.266667
0.4
0.181818
0.428571
0.307692
0.4375
0.294118
0.307692
0.555556
0.416667
0.5
0.375
0.466667
0.538462
0.571429
0.384615
0.416667
0.235294
0.3
0.318182
0.318182
0.5
0.307692
0.3125
0.4375
0.384615
0.3125
0.384615
0.2
0.545455
0.3
0.294118
0.5
0.454545
0.333333
0.25
0.3
0.466667
0.555556
0.25
0.285714
0.454545
0.333333
0.35
0.375
0.363636
0.416667
0.363636
0.208333
0.333333
0.230769
0.25
0.222222
0.230769
0.263158
0.322581
0.272727
0.190476
0.1875
0.3
0.181818
0.272727
0.25
0.142857
0.5
0.230769
0.294118
0.0714286
0
0.3
0.214286
0.266667
0
0.304348
0.269231
0.210526
0.25
0.25
0.380952
0.235294
0.142857
0.157895
0.25
0.111111
0.5
0.333333
0.285714
0.133333
0.428571
0.363636
0.125
0.111111
0.2
0.375
0.142857
0.269231
0.333333
0.333333
0.133333
0.238095
0.214286
0.409091
0.315789
0.272727
0.269231
0.130435
0.208333
0.275862
0.230769
0.35
0.1875
0.470588
0.421053
0.111111
0.428571
0.444444
0.48
0.357143
0.473684
0.416667
0.318182
0.411765
0.416667
0.333333
0.428571
0.45
0.347826
0.181818
0.222222
0.2
0.2
0.444444
0.24
0.423077
0.333333
0.272727
0.2
0.285714
0.2
0.15
0.363636
0
0
0.2
0.125
0.428571
0.363636
0.384615
0.2
0.333333
0.142857
0.142857
0.125
0.4
0.0666667
0.285714
0.222222
0.25
0.307692
0.333333
0
0.166667
0.2
0.125
0.333333
0.230769
0.111111
0
0.307692
0.4
0.44
0.272727
0
0.384615
0
0.25
0.2
0.333333
0.4375
0.375
0.555556
0.352941
0
0
